nan
nan
9.070096889540399387e-02
4.504243684852429763e-02
2.666511054901563038e-02
1.814008132543000820e-02
1.371638049920165248e-02
1.121599650677550589e-02
9.320273778257393005e-03
8.011626382791663809e-03
7.029738076470412253e-03
6.273534192608091684e-03
5.667724577818940984e-03
5.167674316827659299e-03
4.761879158119053553e-03
4.411273555014123479e-03
4.103765570001196086e-03
3.837999947873450661e-03
3.601664593608039974e-03
3.396191243232713278e-03
3.198551195016571466e-03
3.038626746668517380e-03
2.892722402382888209e-03
2.757010179398469013e-03
2.639016021535735106e-03
2.527148859094874127e-03
2.428234244985016249e-03
2.336733339781287434e-03
2.249521996187672703e-03
2.175425231452800430e-03
2.098769651427271829e-03
2.031613375655320908e-03
1.970410841520045617e-03
1.912353119296656204e-03
1.855054960599352310e-03
1.804338057874618024e-03
1.756362895895153880e-03
1.710870633423224648e-03
1.667524948095249534e-03
1.628165880743981213e-03
1.591184888917874032e-03
1.550983191244285518e-03
1.519062893433662615e-03
1.490593319381653846e-03
1.453922450370954359e-03
1.426321282928943220e-03
1.397349291655743163e-03
1.369022431286100270e-03
1.343648402155861801e-03
1.320950935830802813e-03
1.298976349504315760e-03
1.276018372133020653e-03
1.253853517374189149e-03
1.229654024736525275e-03
1.210961434082185760e-03
1.192616010263183608e-03
1.174273355629054400e-03
1.155995765355819676e-03
1.137023146915063041e-03
1.121480657855821470e-03
1.104193805248403822e-03
1.090817944950729645e-03
1.075354391139851998e-03
1.059848523230164444e-03
1.046441663301853064e-03
1.033149968880323977e-03
1.020316988579950818e-03
1.006557797654891078e-03
9.920939231323482217e-04
9.830350370168047108e-04
9.699413962559676975e-04
9.582933707922036172e-04
9.490611218342401376e-04
9.363435302105245365e-04
9.272402317047507289e-04
9.155842361083165945e-04
9.062345898700279422e-04
8.951504512139233684e-04
8.875701572858952062e-04
8.782170658508296019e-04
8.699293085081628895e-04
8.602296691304498399e-04
8.522736917935110025e-04
8.435837871707987760e-04
8.353810290843781926e-04
8.268393891628569988e-04
8.206476596644389368e-04
8.121666030460976664e-04
8.057757657116831895e-04
7.959916367445349361e-04
7.899776301900790238e-04
7.850666486261867862e-04
7.766119685000588734e-04
7.701493171505302592e-04
7.622352586995681653e-04
7.565469614045824400e-04
7.496966854961871572e-04
7.455265563459383300e-04
7.367909677210643859e-04
7.310113975051805166e-04
7.264649109467560860e-04
7.215343385534410533e-04
7.141428619788630370e-04
7.097960799267836757e-04
7.038441220991906947e-04
6.994652418881035401e-04
6.950704143416138597e-04
6.900985765230847977e-04
6.841067263842822311e-04
6.783048677618707311e-04
6.734662323071089396e-04
6.682369788069786147e-04
6.637707314307468576e-04
6.598116593159680885e-04
6.548372159313292596e-04
6.507509819003270664e-04
6.449689580712240217e-04
6.428074142494136483e-04
6.383055692018582087e-04
6.325600351164276710e-04
6.290761889722284962e-04
6.263761949572767707e-04
6.198329061367770058e-04
6.176656968109552797e-04
6.143310511591597778e-04
6.095197131853616682e-04
6.038288270426084899e-04
6.025855821739818652e-04
5.971233839726290508e-04
5.941889449768832532e-04
5.896302721913115408e-04
5.868360739908765533e-04
5.827006490921646893e-04
5.794554312126142144e-04
5.765580779092991477e-04
5.719519306966876996e-04
5.699587255244116741e-04
5.674174297754137897e-04
5.632372528866931008e-04
5.586401005472907671e-04
5.564107796661018832e-04
5.527958507225967742e-04
5.500057588499133576e-04
5.473070620020375338e-04
5.441723983046940164e-04
5.414013850324292821e-04
5.393463842266912715e-04
5.352440329827333389e-04
5.313288703149766272e-04
5.291344901995411213e-04
5.272702187070468696e-04
5.236196073484597350e-04
5.205085105628703404e-04
5.182997787737729598e-04
5.152588811074771194e-04
5.117731280978162975e-04
5.093876675988266234e-04
5.073829730171360627e-04
5.051929140595526682e-04
5.012661754362315088e-04
4.988385686792298291e-04
4.982341331649563438e-04
4.955110034617531481e-04
4.932117608237425671e-04
4.900477415858060749e-04
4.870010670035692865e-04
4.848073678275838976e-04
4.823543426569229606e-04
4.795673112252603777e-04
4.778072118703002901e-04
4.750154532851981319e-04
4.739332098766931229e-04
4.702103835651733695e-04
4.691920087747893835e-04
4.667668932163937761e-04
4.664075340358614396e-04
4.614058992855783682e-04
4.596714504541338838e-04
4.583948251953466136e-04
4.567048338561084534e-04
4.529794443199832051e-04
4.496168708540328337e-04
4.481705132016807641e-04
4.476393982188827834e-04
4.450409013504688259e-04
4.436481783088342149e-04
4.411304561319346587e-04
4.386368764661792083e-04
4.372531402373826021e-04
4.344890544655116704e-04
4.339899874413456174e-04
4.313509264112849197e-04
4.297195128143654181e-04
4.273404835355138864e-04
4.253191266843471606e-04
4.235091708006275208e-04
4.212590355191219316e-04
4.207887551972224762e-04
4.189720121971280591e-04
4.173529739540847655e-04
4.161809278664602499e-04
4.126507592821255371e-04
4.114020297483083114e-04
4.098660534285966661e-04
4.072723096494652753e-04
4.059041496958782063e-04
4.045933207344001056e-04
4.014565985860094402e-04
4.010230098745302561e-04
3.990797293877751048e-04
3.979170851634689066e-04
3.962183582352252231e-04
3.947232373082744665e-04
3.932803249912820162e-04
3.915280397598284415e-04
3.884808541914867158e-04
3.877490589705383630e-04
3.868479938127737249e-04
3.856318581697514014e-04
3.832123356187003282e-04
3.815384723587896204e-04
3.803935864771579908e-04
3.784750030844850574e-04
3.775303929829824175e-04
3.769461764295365270e-04
3.759708920162564260e-04
3.732539590078789537e-04
3.724026956041039159e-04
3.700410787338380154e-04
3.701880331966631108e-04
3.677548991518930538e-04
3.662125854877979294e-04
3.646683237269455992e-04
3.641617469298300512e-04
3.607604174518218710e-04
3.602612904455713603e-04
3.586038064105008570e-04
3.567069519493659430e-04
3.563322317921744872e-04
3.544067842142064120e-04
3.538615129351884835e-04
3.516226183131052540e-04
3.507122287699296348e-04
3.498659894901342366e-04
3.487932386239074914e-04
3.478276589120675292e-04
3.446602893993137547e-04
3.444167184938018932e-04
3.427203600587631037e-04
3.414281693048099291e-04
3.410676901355442180e-04
3.393264783715410930e-04
3.387361741203135084e-04
3.365801928997260383e-04
3.364394443233320966e-04
3.353052790029513192e-04
3.346096211305581549e-04
3.320431752197231900e-04
3.307800405682033928e-04
3.303355950133224817e-04
3.290911764178823073e-04
3.275677334320874863e-04
3.253176483175486693e-04
3.253372179156035094e-04
3.239640506540826439e-04
3.223154617700292710e-04
3.221142822844045911e-04
3.209741981671425468e-04
3.207360511596762812e-04
3.192106947458088983e-04
3.188461712413827981e-04
3.161630959625785428e-04
3.152008514173104789e-04
3.144482248479086250e-04
3.129394752944774749e-04
3.103825116053148588e-04
3.108008618599403142e-04
3.095107394706940246e-04
3.084978364585606978e-04
3.080861903993082490e-04
3.080531558873084055e-04
3.061952525471040975e-04
3.047482693807822512e-04
3.041340070780334300e-04
3.021390495546390264e-04
3.024853545698370479e-04
3.012525167927589858e-04
2.996787712994513362e-04
2.983889548815724297e-04
2.982262175818125530e-04
2.968509338844136812e-04
2.956403170569808845e-04
2.942114271176656773e-04
2.938599686889519077e-04
2.925703741184348798e-04
2.921285504300220968e-04
2.913587338989942271e-04
2.910716009276088944e-04
2.888781812027148960e-04
2.883201471749468215e-04
2.881104267200800114e-04
2.860675370556330218e-04
2.859852058967380208e-04
2.846679196575195212e-04
2.838948333845703678e-04
2.830564057217954156e-04
2.823059502752143677e-04
2.815048074388816187e-04
2.801457905568028911e-04
2.781246162455336965e-04
2.782517242180259113e-04
2.777242700986792346e-04
2.770989707977388914e-04
2.764954020419539563e-04
2.750114878636417104e-04
2.741714316789177919e-04
2.742680990268842240e-04
2.730543270349645979e-04
2.716034629076531626e-04
2.709007420835490409e-04
2.691521105123956628e-04
2.693717465178334099e-04
2.689179186931161289e-04
2.677892028056635325e-04
2.671016507637359789e-04
2.654212641083186081e-04
2.651314651653611382e-04
2.639882791874570553e-04
2.635511726555640516e-04
2.619037566323914146e-04
2.621462545400603554e-04
2.597768214444124107e-04
2.594375705739573336e-04
2.591583463334324743e-04
2.594790767451450294e-04
2.573283454642214386e-04
2.566931492051854826e-04
2.560070142774788205e-04
2.553915465684524389e-04
2.549944176105246982e-04
2.544237433046646043e-04
2.522664571810069871e-04
2.519537732790037279e-04
2.508937777858057843e-04
2.512783553304880849e-04
2.496074261744483762e-04
2.481694739172552811e-04
2.487274864457868825e-04
2.486042448454599133e-04
2.478918396107500951e-04
2.467145200845203548e-04
2.461828508492931028e-04
2.451236414839274777e-04
2.446084088589680575e-04
2.437118854283105572e-04
2.432800576135657076e-04
2.425193457089406819e-04
2.420977146557825601e-04
2.409467546117294333e-04
2.404122852418441570e-04
2.388391332138249212e-04
2.380703668287053535e-04
2.378020702891230304e-04
2.369319766799378381e-04
2.357231204216721655e-04
2.349925134276581928e-04
2.354640721327311108e-04
2.348479942866561244e-04
2.333924843273003696e-04
2.329947308721196195e-04
2.326073137373148726e-04
2.318866345029109552e-04
2.309527541733732547e-04
2.296490219209004345e-04
2.304916410218420112e-04
2.287932475086828230e-04
2.296964820459261700e-04
2.292747703485364399e-04
2.278324486797984709e-04
2.278686483815741196e-04
2.266403782560407322e-04
2.261890153596916940e-04
2.256776944981083290e-04
2.244207344312851250e-04
2.238785485938384610e-04
2.233479202671324242e-04
2.222084363216698184e-04
2.222312073975838960e-04
2.219990217249420629e-04
2.206203749021659914e-04
2.211587594203092159e-04
2.198612801074860759e-04
2.187948343458923626e-04
2.184173675437320143e-04
2.175171152941472198e-04
2.178563920167907154e-04
2.162266753391147898e-04
2.157717567354665170e-04
2.163496559105123848e-04
2.150214611245186691e-04
2.136240979361269407e-04
2.127782583393511063e-04
2.130127991997598103e-04
2.127115593487618106e-04
2.123233574367244445e-04
2.114357516630458226e-04
2.106851344953809032e-04
2.101370383698585303e-04
2.096673592044662443e-04
2.097107741527894228e-04
2.088447967555090575e-04
2.087027499926427600e-04
2.069454524018895960e-04
2.066730544720923012e-04
2.060162048196754624e-04
2.053517685737848487e-04
2.049885373086751694e-04
2.045043842570552848e-04
2.043593479431022133e-04
2.037716394801512029e-04
2.030516369407112109e-04
2.025663934446419361e-04
2.018547724612082615e-04
2.013340816412291848e-04
2.004286120480421301e-04
2.007345365210709174e-04
1.994949440913268012e-04
1.993624262597812628e-04
1.986056093070091985e-04
1.970139989037498693e-04
1.976603536538014763e-04
1.969594870567547326e-04
1.966229544183689649e-04
1.946255481582726530e-04
1.962349615132345565e-04
1.961804859568460886e-04
1.946177098850990380e-04
1.943130983545539607e-04
1.943905870215693074e-04
1.931640390391934367e-04
1.925329844066268306e-04
1.917130655783594057e-04
1.908537170191360922e-04
1.906297303816732128e-04
1.909755191109746857e-04
1.899383621417702220e-04
1.895614946236073275e-04
1.899039554555148103e-04
1.887439305195522045e-04
1.884952613333825094e-04
1.875830616208047413e-04
1.879892261903072937e-04
1.873360498244582223e-04
1.862411196355613261e-04
1.860494277094568074e-04
1.852601286528291651e-04
1.853341523698298588e-04
1.837616570337273427e-04
1.835952967838603114e-04
1.833038491760041213e-04
1.833951921943885932e-04
1.824548990098631067e-04
1.821386320221903715e-04
1.816922528670503320e-04
1.807220566295808756e-04
1.807346829649168199e-04
1.796936652149049994e-04
1.795519517376050291e-04
1.793493939262152763e-04
1.785918058316128348e-04
1.784682864158411170e-04
1.782118403974209569e-04
1.773146444500367958e-04
1.772842485043430447e-04
1.764056137917584157e-04
1.755296274764655412e-04
1.763163151454753190e-04
1.758508678541864287e-04
1.749822039194432203e-04
1.748015632479968634e-04
1.750383712356806242e-04
1.740346265059907708e-04
1.731243506856277583e-04
1.728926613404993019e-04
1.716974471005344445e-04
1.715800150945551432e-04
1.715980645107056078e-04
1.702383259089325102e-04
1.703744883741076395e-04
1.699554860183734501e-04
1.700156619016854570e-04
1.709443908656543723e-04
1.696257284629504596e-04
1.686524807094736214e-04
1.684350625678769414e-04
1.675183321939322379e-04
1.677004821777407792e-04
1.675665357560881630e-04
1.665358577461442029e-04
1.665066871184646869e-04
1.656384259984393392e-04
1.654179631899681106e-04
1.651024116932687559e-04
1.639683951896240665e-04
1.650118353525756147e-04
1.632869602108973745e-04
1.634470403898903481e-04
1.626307887929211507e-04
1.629536124561292655e-04
1.618388160379658023e-04
1.623489488584454403e-04
1.616920155669064976e-04
1.620108439664211925e-04
1.602452043044494650e-04
1.597913929562195135e-04
1.595932269033132787e-04
1.601500811420295543e-04
1.596027210861622784e-04
1.590393379036758581e-04
1.586115944834024362e-04
1.585604685350983057e-04
1.585207830061045279e-04
1.585681539855046489e-04
1.569109731922469636e-04
1.562695172750954830e-04
1.571672165352193829e-04
1.553964807089897320e-04
1.557403235981162355e-04
1.558521727218217334e-04
1.542739306692230208e-04
1.548766872588081033e-04
1.538723799199326922e-04
1.541075349676364673e-04
1.535019736554361219e-04
1.530138564509778663e-04
1.524598196649635054e-04
1.527284027702583129e-04
1.523360819842864249e-04
1.516090750535410237e-04
1.510186170758313201e-04
1.508924123562948260e-04
1.507797120575168188e-04
1.508591925299285100e-04
1.499697187868648132e-04
1.497738407435067595e-04
1.495734899850117787e-04
1.488292672574918611e-04
1.486299674201068083e-04
1.477523472906686801e-04
1.473422661009566312e-04
1.479789913025502713e-04
1.470797215641561010e-04
1.468234226057910736e-04
1.461745244125077763e-04
1.467281016352527264e-04
1.462589426715328958e-04
1.452337853571084849e-04
1.453226824505640799e-04
1.450095400167580157e-04
1.450511460647084961e-04
1.445143984486526993e-04
1.440967975201188169e-04
1.434452553228816722e-04
1.441825020823627964e-04
1.429261224455611299e-04
1.424543791447737111e-04
1.414722842814813476e-04
1.418434509501470195e-04
1.421109796854928115e-04
1.412801873573072428e-04
1.410138808969970835e-04
1.399813784349534726e-04
1.408032440303507772e-04
1.404390124699198602e-04
1.395240340274866400e-04
1.398649566333836074e-04
1.387641347493469767e-04
1.384761272754475396e-04
1.390589676845421796e-04
1.382678902958664306e-04
1.382333829557319343e-04
1.377107779042702771e-04
1.369957524390812012e-04
1.368057339528581950e-04
1.373331054694662307e-04
1.360410103336684581e-04
1.368275954911722788e-04
1.357254027449257398e-04
1.354017861481489663e-04
1.359172169826215607e-04
1.350247605613604462e-04
1.348210870537853523e-04
1.349449978732382102e-04
1.349353328490756211e-04
1.340924172193842746e-04
1.342139402564802842e-04
1.332200668584562731e-04
1.333597041900050492e-04
1.323927355684173491e-04
1.323969365320376958e-04
1.320445918709721802e-04
1.324505437662582788e-04
1.318177159309893260e-04
1.316244479384542584e-04
1.316348592846592355e-04
1.307836824352467519e-04
1.307842301280873491e-04
1.312318677270288389e-04
1.297615441279691291e-04
1.294324330160516619e-04
1.289570348325736935e-04
1.290219384875668717e-04
1.289050425328711188e-04
1.290477799763585650e-04
1.286656950971152311e-04
1.285339852217608203e-04
1.279285846238681411e-04
1.264208759278151700e-04
1.276113249410708718e-04
1.270018899093651238e-04
1.270252724180409630e-04
1.271889598876855339e-04
1.257550142100878772e-04
1.259617287061466488e-04
1.256453390785414702e-04
1.248320904330507913e-04
1.255309760826324710e-04
1.252039711243410451e-04
1.242893335235587893e-04
1.238352065375287613e-04
1.244840852912885000e-04
1.235976097578212233e-04
1.239451113009734358e-04
1.235278927390333445e-04
1.231103491768408486e-04
1.225786357192635851e-04
1.232444104660498224e-04
1.226125401495909057e-04
1.221839506046671318e-04
1.214334050796350516e-04
1.211878954943799058e-04
1.209000109831454619e-04
1.217476880882076940e-04
1.208709814134805122e-04
1.205265865348703326e-04
1.207629942103330319e-04
1.199756253379965294e-04
1.194814695888076888e-04
1.189723055919860139e-04
1.196693886827212715e-04
1.193689333231261814e-04
1.194005150651384641e-04
1.182751213531502816e-04
1.191069721021204334e-04
1.192237709686463801e-04
1.181562188469481166e-04
1.174041021072537531e-04
1.179353335879021084e-04
1.173219781803703322e-04
1.175378766517017211e-04
1.166025658201602899e-04
1.162614930003895392e-04
1.171796770357855184e-04
1.165265475133007582e-04
1.163796515302407606e-04
1.158455935628963432e-04
1.158954643141108421e-04
1.160154760588867759e-04
1.149220668050654622e-04
1.153640353661592762e-04
1.150483849376970745e-04
1.145423931772233250e-04
1.144667300751299471e-04
1.138530060842753589e-04
1.137133854402029213e-04
1.136696541635181260e-04
1.128784970610080481e-04
1.132604924167380915e-04
1.135489574408172256e-04
1.118669246635753113e-04
1.127317356806144521e-04
1.115640867051957214e-04
1.123282651406111123e-04
1.117029616848524883e-04
1.113852573877413608e-04
1.118321301718520666e-04
1.114404883492521267e-04
1.112125973220840934e-04
1.105922695047549531e-04
1.108698172477755008e-04
1.104564051247324815e-04
1.100624950836778478e-04
1.099152611601680429e-04
1.097616287459103656e-04
1.094077676333395343e-04
1.091677196604788402e-04
1.085296263117832967e-04
1.090802595894789875e-04
1.080954478565279600e-04
1.090086619932053132e-04
1.083449187326126156e-04
1.086772013197419268e-04
1.081591714732248801e-04
1.083183177466438992e-04
1.081312563181470443e-04
1.075683996377291567e-04
1.076958468887378263e-04
1.069545346624963303e-04
1.068674336732887187e-04
1.065809458582331668e-04
1.066667922018107680e-04
1.067058667966973144e-04
1.063498801018717462e-04
1.058295323807729765e-04
1.059750586609911724e-04
1.048281656529621386e-04
1.051567037226773337e-04
1.049623518810325067e-04
1.053968317019498288e-04
1.050238874413227802e-04
1.049422349162788928e-04
1.038770481813906349e-04
1.032233235479426128e-04
1.038645395481642105e-04
1.039405802058891091e-04
1.034790053127457299e-04
1.031053522828269972e-04
1.027505428099368681e-04
1.031415343069422443e-04
1.026530578475716167e-04
1.024736438272873609e-04
1.019390617510957606e-04
1.013243042644580916e-04
1.015733663178304915e-04
1.016683645361014218e-04
1.016450520172060875e-04
1.012863864279536877e-04
1.016760639087092237e-04
1.013344314344683672e-04
9.959896440311650622e-05
1.006629010436441629e-04
1.003897341009293273e-04
1.005551614276030170e-04
9.959268535525875560e-05
9.915634961299720049e-05
9.956248426434601017e-05
1.000305851970710477e-04
9.897166792846265901e-05
9.837334501864038161e-05
9.897190765963051874e-05
9.925631175047307892e-05
9.846946682367942562e-05
9.818409465827662632e-05
9.851975651925069658e-05
9.816829204324056921e-05
9.698730895557925802e-05
9.736399211898189444e-05
9.785728767575777617e-05
9.719234667724221174e-05
9.688727214564019335e-05
9.653255965537886044e-05
9.657048641982614908e-05
9.688645938815838019e-05
9.653042307618706574e-05
9.542753018693980835e-05
9.561451215609904821e-05
9.519356522198043410e-05
9.590883465803464022e-05
9.496223616904894715e-05
9.530401859583677868e-05
9.529827896928297142e-05
9.450493625142075335e-05
9.518858364452967584e-05
9.429818847098721377e-05
9.448600735477461572e-05
9.464774800966157945e-05
9.344861609832467769e-05
9.336312802372994366e-05
9.361239433129930074e-05
9.324626902686031314e-05
9.357962994930004645e-05
9.295443065200374093e-05
9.299025623689914644e-05
9.272435598844915646e-05
9.330894326009456631e-05
9.231913975576156437e-05
9.230465434531416851e-05
9.211354331652636229e-05
9.163767602110160955e-05
9.233641823558738952e-05
9.159449232267827539e-05
9.143957846741377076e-05
9.117586326790447411e-05
9.134510398781376230e-05
9.073635200265553252e-05
9.119101641911834513e-05
9.075279354055579024e-05
9.035480918841104307e-05
9.040168934236548809e-05
9.048219012483448768e-05
8.951461017672691835e-05
9.047918277381169583e-05
9.037465959205898960e-05
8.899525464509736429e-05
8.908919207120834433e-05
8.891850379924134333e-05
8.884473388955838231e-05
8.891392820759424912e-05
8.826904429141471111e-05
8.878925598337630766e-05
8.849730841156899167e-05
8.885221571083823898e-05
8.765129898002224965e-05
8.819267268519683694e-05
8.813856469032434215e-05
8.742680437619610269e-05
8.704972793813981944e-05
8.747438944166466323e-05
8.783587103513161077e-05
8.758427039862674141e-05
8.827795568067424090e-05
8.692976981070763194e-05
8.712257147860412768e-05
8.661741210343135036e-05
8.661573661320853650e-05
8.609618999643530259e-05
8.622066861412352372e-05
8.546963411017549184e-05
8.609017574079726469e-05
8.507591831888722245e-05
8.560093108704186504e-05
8.555984483272641237e-05
8.570438459801900486e-05
8.507168078789864238e-05
8.503260587667080966e-05
8.501673456555362102e-05
8.509071418366630777e-05
8.459307859625608491e-05
8.450947248818007804e-05
8.406129667469115492e-05
8.457287889004510867e-05
8.367795262546625474e-05
8.415384626116252415e-05
8.344966764363497783e-05
8.393545914193912443e-05
8.411486858739343118e-05
8.352481650358706809e-05
8.331763816826683608e-05
8.319551702175469253e-05
8.339375375204436096e-05
8.235295758696434027e-05
8.223374374192902938e-05
8.250025061517056988e-05
8.228027844116791393e-05
8.225661950990544502e-05
8.265017251114722973e-05
8.203273222562429390e-05
8.147680082382247480e-05
8.180336798102561761e-05
8.141227481418114912e-05
8.131646019687896844e-05
8.098077128757804949e-05
8.085388880291466938e-05
8.106511281047998948e-05
8.097533607147817177e-05
8.032403576557017812e-05
7.991592397859698582e-05
8.004140651784654055e-05
8.015711672147833339e-05
8.031701863720202162e-05
7.978154999200125631e-05
7.963818926890874495e-05
7.966093886470073878e-05
7.925035103294864177e-05
7.926344600274744614e-05
7.886127120820283023e-05
7.955780381371105130e-05
7.902174653306697351e-05
7.948069319635699625e-05
7.878560164605865560e-05
7.891394641326316957e-05
7.859041905606785946e-05
7.839074147165648015e-05
7.773304722048764777e-05
7.756755012247372276e-05
7.815867651337137054e-05
7.772971693910483157e-05
7.765982055700200795e-05
7.809158352588313923e-05
7.782962511764111217e-05
7.744803027787376269e-05
7.747451954301848081e-05
7.709854563120132590e-05
7.686035442258491463e-05
7.690542619237010166e-05
7.696618736803086168e-05
7.709680174307260200e-05
7.588997516629216291e-05
7.602343143097594659e-05
7.662563727893310786e-05
7.579068261048775156e-05
7.566086676691968977e-05
7.591698516222882280e-05
7.506807133509202877e-05
7.538283364039073144e-05
7.496368803228427020e-05
7.515752753220533635e-05
7.450244265771679584e-05
7.534582808181406138e-05
7.496568297180370268e-05
7.516001611457876592e-05
7.455017275169955162e-05
7.447022158458533974e-05
7.514062001419336337e-05
7.392283305968132484e-05
7.437822050694663061e-05
7.422175154610211826e-05
7.391866253841550727e-05
7.364371111951238246e-05
7.392489403527395986e-05
7.350676271870087096e-05
7.342035049160038139e-05
7.363982949412508445e-05
7.351102167152390437e-05
7.345028886153073366e-05
7.314499180809636112e-05
7.253632379402824950e-05
7.291684943041301615e-05
7.240359035428088662e-05
7.311614634208577065e-05
7.229686988106137527e-05
7.240866671506503496e-05
7.267363556407668249e-05
7.157008730963193045e-05
7.198556291589901636e-05
7.206222826627559400e-05
7.166054935816940313e-05
7.204877307607388556e-05
7.177810274547513538e-05
7.125782391927761071e-05
7.121299188193763621e-05
7.148314107817636939e-05
7.106518666346089074e-05
7.080911793334166001e-05
7.081835646237506462e-05
7.076183679517733527e-05
7.063937869550054849e-05
7.103406458061365465e-05
7.024804927333195149e-05
7.076776116784531489e-05
7.026955325017657521e-05
6.992426297839217202e-05
7.037300682108434536e-05
7.047139043081507553e-05
6.970341047325989442e-05
6.958654234816008261e-05
6.964393681538554417e-05
6.929613729859261564e-05
6.903647720111180436e-05
6.921635530287385601e-05
6.969876109779421351e-05
6.926367240261198746e-05
6.910614218582578831e-05
6.870543063366781771e-05
6.836679740984021448e-05
6.812511476978716876e-05
6.903697005855336270e-05
6.878480014328193764e-05
6.884336089323535833e-05
6.863757254749347926e-05
6.821860849272424207e-05
6.784916405128768471e-05
6.762562739689561620e-05
6.750810957044362480e-05
6.790437709090748274e-05
6.781101514633384509e-05
6.736243227019497704e-05
6.752192938193450893e-05
6.692441776742918285e-05
6.721869827200517827e-05
6.696559524819568432e-05
6.657739925460810337e-05
6.709971555528729367e-05
6.611247040634977100e-05
6.663298999132564722e-05
6.642788943387260131e-05
6.649705598704626786e-05
6.625549309051588249e-05
6.636826073840682992e-05
6.601080869735712650e-05
6.621387641430724082e-05
6.572925015997191389e-05
6.562838869864545720e-05
6.578555872178774280e-05
6.559759030524757006e-05
6.590345122424615479e-05
6.569646332411736974e-05
6.520356396307135755e-05
6.547438741332151958e-05
6.481131475388121610e-05
6.533015507702931543e-05
6.441935771820737184e-05
6.505712624722172622e-05
6.462658426526320587e-05
6.503487261027371283e-05
6.465704335296085725e-05
6.455225058107905405e-05
6.439857614211513847e-05
6.431614963751743660e-05
6.463821118698521734e-05
6.410780211192546507e-05
6.401691764390649128e-05
6.354558258028384851e-05
6.346294899771872939e-05
6.371177545323087092e-05
6.381344548882007556e-05
6.409741711096670366e-05
6.330603816546562701e-05
6.340500896456802724e-05
6.314162159439695070e-05
6.344622238140044642e-05
6.339074139266004750e-05
6.301151363216105149e-05
6.284064606673927958e-05
6.218113264068285406e-05
6.207783475231361345e-05
6.304168611654349858e-05
6.264678050483634937e-05
6.288856530371066025e-05
6.271595658354467385e-05
6.249718503446521586e-05
6.192234992019659959e-05
6.182109461917342081e-05
6.241325375342026761e-05
6.187571527212204882e-05
6.179985210797697475e-05
6.198962280013033458e-05
6.139660786528926533e-05
6.156806508834357318e-05
6.127847880478675823e-05
6.113570885651610455e-05
6.148331959224110667e-05
6.136728122019881760e-05
6.164695859757859291e-05
6.098478499266244996e-05
6.081593728081571777e-05
6.094870409081934594e-05
6.051328979490894395e-05
6.059950818922378243e-05
6.035280612121786761e-05
6.066160481990915624e-05
6.042029866615804268e-05
6.010239307257815691e-05
5.983476288936801429e-05
6.010814940091491941e-05
6.007894460338005622e-05
5.988665391358138012e-05
6.002893405652781118e-05
5.958886562323952312e-05
5.933467723878349726e-05
5.965353769880628304e-05
5.966457601629295552e-05
5.957807452288474816e-05
5.968600796579771016e-05
5.880005800659152040e-05
5.892138170945129252e-05
5.911092647377056021e-05
5.892197488574567148e-05
5.885027733398811846e-05
5.870756698530454405e-05
5.840105324298804041e-05
5.885752209001611951e-05
5.881676966523285386e-05
5.820355502506339637e-05
5.803063580420045835e-05
5.774245557491000799e-05
5.850466256653697556e-05
5.822631566651259051e-05
5.836778916323041519e-05
5.820712097915975506e-05
5.766190231234571994e-05
5.782401061630292207e-05
5.735536417810737758e-05
5.753490703374287491e-05
5.825249879914402824e-05
5.720408664658800614e-05
5.736719451831680646e-05
5.782966006691745635e-05
5.755121393707023314e-05
5.676337914738665533e-05
5.712966786077677437e-05
5.657309569531788958e-05
5.625341475752923640e-05
5.725752040491071049e-05
5.674245986136086407e-05
5.625829689813298683e-05
5.686486426468506325e-05
5.661851760017075802e-05
5.625462065430699506e-05
5.623620998494117322e-05
5.584279216089847367e-05
5.627357912863759803e-05
5.581619190072322639e-05
5.612422778315104472e-05
5.561419785566146728e-05
5.583814926322478941e-05
5.571533530919438228e-05
5.548611488837300912e-05
5.562149101350815419e-05
5.558578120503687486e-05
5.524756914373565468e-05
5.564539080680317861e-05
5.514816829959892202e-05
5.483947342824885534e-05
5.523456127018376550e-05
5.514117139523886876e-05
5.472979621488269886e-05
5.527796742565591423e-05
5.545969336484576868e-05
5.451076460071412104e-05
5.461916459580789667e-05
5.463426397944379909e-05
5.479422271077757207e-05
5.442119828365239557e-05
5.451743161935746276e-05
5.455180470353087436e-05
5.449244377343224653e-05
5.454179514488123137e-05
5.363557756042078496e-05
5.433901314599808675e-05
5.436661084301052624e-05
5.412225712515861579e-05
5.392566398475590663e-05
5.393911622210648279e-05
5.391282273177144487e-05
5.306191197301817928e-05
5.369480178834564848e-05
5.374576315612016795e-05
5.340285638594623532e-05
5.286883578088540016e-05
5.262724453860993177e-05
5.361308198006274937e-05
5.303415970485973665e-05
5.281646202023226384e-05
5.304468134228856717e-05
5.270923619482615518e-05
5.313558572821818453e-05
5.278054698556657466e-05
5.246438688708279991e-05
5.245350974571249896e-05
5.294954669306453377e-05
5.277322488161025906e-05
5.261477269905445487e-05
5.194433795521778208e-05
5.247440400719417390e-05
5.209222565365019319e-05
5.229825961135323441e-05
5.212900343797033533e-05
5.145812653029575661e-05
5.198080501632848700e-05
5.188450218067069091e-05
5.216046544318767611e-05
5.208758778335501971e-05
5.171449673178061987e-05
5.199983861798239767e-05
5.145595724779815280e-05
5.174298149946146509e-05
5.080190845578540752e-05
5.101303052913483096e-05
5.110556737234649887e-05
5.151847649797615083e-05
5.105691862113217224e-05
5.070679645582282133e-05
5.129088925775577526e-05
5.088998950496905128e-05
5.073793117599248643e-05
5.066656928935843750e-05
5.060502068044095566e-05
5.031961296398897095e-05
5.076762440305679656e-05
5.055658098401003502e-05
5.073234063711217379e-05
5.041464959253737590e-05
5.035052390365172761e-05
5.033815693337278239e-05
5.035071957386446013e-05
5.006924666930289450e-05
4.991273947216381268e-05
4.935537182844844042e-05
4.997477542698520190e-05
4.982445850293398685e-05
4.959437362298485888e-05
5.005530206862113463e-05
4.958718502039169900e-05
4.965791209651499013e-05
4.947116993431564379e-05
4.944083721402326109e-05
4.941908593541680496e-05
4.911761562045086798e-05
4.889253228315261181e-05
4.925409301675139192e-05
4.930804064881371790e-05
4.904469290015506542e-05
4.895392119274363102e-05
4.901611994375117918e-05
4.893577473899400545e-05
4.897417657566371354e-05
4.876765140761590671e-05
4.895932098943118512e-05
4.830741325346934420e-05
4.861450720388072128e-05
4.784542738107409366e-05
4.873197405072689486e-05
4.797125311828715909e-05
4.797253254482376463e-05
4.792310090799532671e-05
4.852386486677256854e-05
4.784647618831690263e-05
4.798877530780788547e-05
4.775610269701806635e-05
4.784567167543239577e-05
4.767439463678309558e-05
4.808678375882086456e-05
4.769927104784983971e-05
4.758809820281398274e-05
4.764308638601734891e-05
4.768191460223341878e-05
4.736937546423555556e-05
4.714306124707589148e-05
4.786869063197962074e-05
4.734140197556851971e-05
4.754696232805641614e-05
4.723186666546668947e-05
4.727934280419076755e-05
4.718531713326083759e-05
4.637895614978624752e-05
4.665904335745494355e-05
4.684671795766028138e-05
4.691449684913584061e-05
4.704408113608745794e-05
4.696128030600784942e-05
4.683451698380236523e-05
4.704812128351891401e-05
4.664740750565603251e-05
4.648011607573480773e-05
4.614352590722636582e-05
4.638572886915747699e-05
4.645975514782575071e-05
4.648300014871174698e-05
4.632063935119211650e-05
4.631346567174519859e-05
4.594722740820841986e-05
4.600861722649116715e-05
4.573055863728527933e-05
4.580136170171999815e-05
4.583048424326424794e-05
4.557660553528856999e-05
4.549960965574191161e-05
4.560422904420059715e-05
4.579134055036632455e-05
4.586586297361986651e-05
4.549015201095560779e-05
4.544315614711940283e-05
4.553736466422994588e-05
4.541950403143997787e-05
4.540375613353523899e-05
4.510463217871831670e-05
4.525677045192122346e-05
4.549560010440540839e-05
4.508714945945186477e-05
4.522895359825421550e-05
4.531305473764084344e-05
4.451425337106551668e-05
4.468575066079210809e-05
4.477911222167693748e-05
4.427355942651727108e-05
4.448764954651035839e-05
4.464342845264249784e-05
4.464385189173261794e-05
4.451490984376840190e-05
4.419764591781676142e-05
4.398159753719458790e-05
4.422873812361712286e-05
4.416069621342778070e-05
4.404278484845456748e-05
4.399786151052076486e-05
4.417761752258508986e-05
4.410073946730985522e-05
4.390879861362835318e-05
4.390111737269026707e-05
4.403866524962092121e-05
4.399096819480669376e-05
4.327489949289036115e-05
4.379922086502837947e-05
4.415654264496017106e-05
4.365037645560965657e-05
4.412988282431745809e-05
4.352126470079307590e-05
4.388087352336946906e-05
4.324874623844973979e-05
4.313825980478873872e-05
4.317609730203175570e-05
4.309882590523617568e-05
4.393613642697942841e-05
4.328275095012011793e-05
4.309357638377367882e-05
4.343525241463472606e-05
4.326109550807054609e-05
4.287287039995995073e-05
4.310281031295032627e-05
4.266982649793804919e-05
4.282315394332558223e-05
4.262287537641496339e-05
4.257600649481882286e-05
4.240658199714182516e-05
4.285511200066600696e-05
4.231442990661462910e-05
4.233955817719911173e-05
4.268062157302009618e-05
4.242627857638124535e-05
4.229492657183692834e-05
4.254606181938158627e-05
4.211865739193124808e-05
4.235636227059721374e-05
4.231230882753322556e-05
4.236181663165993497e-05
4.197512517057492475e-05
4.248271117427784453e-05
4.170103532181550628e-05
4.186904165567316855e-05
4.185059662870094650e-05
4.194523967139747353e-05
4.179224336888148690e-05
4.166810929461873311e-05
4.196273593851018773e-05
4.132942823740777104e-05
4.148003908041529813e-05
4.121121641947904010e-05
4.149861420402809321e-05
4.142855864016866708e-05
4.130501822107829720e-05
4.170322653729980727e-05
4.174926112591099042e-05
4.117797578289164438e-05
4.124241732690802568e-05
4.106636446647430374e-05
4.098909777791443746e-05
4.105582633889130783e-05
4.120328478652742746e-05
4.099834634339741198e-05
4.082320545477821617e-05
4.089341606065857141e-05
4.067491974744416431e-05
4.091151104555988932e-05
4.067038604997395910e-05
4.014339637407267526e-05
4.080822842423491677e-05
4.057675301651530504e-05
4.069422055658937693e-05
4.045050361775919049e-05
4.038027771337251770e-05
4.032831458863822468e-05
4.035927659690249095e-05
4.017533766103173817e-05
4.034525852726447736e-05
4.018688405260168383e-05
3.984720519748714850e-05
4.008412050057898841e-05
4.007563880881115836e-05
4.018526084681032010e-05
3.985810639095710331e-05
3.965997769642925613e-05
4.003751885008728032e-05
3.923886844861511743e-05
3.954060211319145658e-05
3.963445202016240308e-05
3.947616159918751537e-05
3.950746676089295702e-05
3.923142504071578979e-05
4.000273108005418890e-05
3.926196686892507434e-05
3.963945969810405020e-05
3.923634515505538357e-05
3.906235787426568293e-05
3.877716749808737904e-05
3.922081150060643874e-05
3.910942548873258653e-05
3.910231510554493446e-05
3.893784100274554950e-05
3.900760158834690839e-05
3.871051700187928281e-05
3.888826873171577860e-05
3.849675383525081912e-05
3.901958900713787702e-05
3.851019403005546618e-05
3.846225316812990492e-05
3.889619677855289941e-05
3.909408485183140096e-05
3.858494584237524209e-05
3.859787066750681772e-05
3.857580631264648187e-05
3.864413111775250406e-05
3.883120202597718654e-05
3.825121964728326181e-05
3.843154291203745518e-05
3.846521957603188195e-05
3.790891532354729373e-05
3.831195311416665128e-05
3.822212354324679395e-05
3.799277906296863504e-05
3.835199284842234508e-05
3.769156468927349277e-05
3.795328269860661046e-05
3.792853369890476539e-05
3.799996620718993306e-05
3.777544728249025783e-05
3.766625089222391554e-05
3.797571445501479775e-05
3.763755240242331592e-05
3.811290940190816532e-05
3.738097421230926454e-05
3.743630927500127823e-05
3.766139111478079127e-05
3.730871966308630142e-05
3.770971082493398963e-05
3.783475751372130974e-05
3.750122983979107172e-05
3.748989307280217265e-05
3.713306261511843795e-05
3.680059855467253497e-05
3.698818127170723155e-05
3.754896012598286914e-05
3.691134325377469402e-05
3.730501818508949799e-05
3.703096477823376664e-05
3.714627581016510506e-05
3.713404933435928443e-05
3.730811276273051828e-05
3.704815818014053712e-05
3.702143928512274633e-05
3.684854800177358124e-05
3.623486362275920886e-05
3.671666013183682008e-05
3.681858069746708691e-05
3.662800872340148621e-05
3.637043841749186426e-05
3.673397771657283250e-05
3.680717713411661441e-05
3.618847111657300580e-05
3.651857092172151826e-05
3.618852885290344543e-05
3.649708732010894082e-05
3.649705676441874705e-05
3.637310801000520838e-05
3.673214624794097648e-05
3.625534633223765957e-05
3.647118451710031279e-05
3.650194199539911880e-05
3.573418749172486416e-05
3.626198148101315898e-05
3.622712901869604000e-05
3.575739383979458153e-05
3.584390579773408253e-05
3.564544157469983507e-05
3.575446296717990944e-05
3.599214712939843061e-05
3.574979427747864710e-05
3.594147298512897544e-05
3.577738772647761945e-05
3.575390971039475702e-05
3.574974121776031881e-05
3.524542442833707232e-05
3.592730426526839977e-05
3.567730342579843422e-05
3.565573809582298277e-05
3.530060544470172221e-05
3.536309075861252595e-05
3.519213488626490898e-05
3.489970003550153669e-05
3.532524780025357450e-05
3.531759719269334180e-05
3.509905309309964319e-05
3.490086657199233366e-05
3.532770106475464558e-05
3.467359362046217134e-05
3.524822102633635144e-05
3.534830286363926585e-05
3.523027748442043042e-05
3.489593891644532169e-05
3.512756661433589936e-05
3.492149583344149110e-05
3.501423420574257557e-05
3.520304594609901849e-05
3.495206862624775101e-05
3.456506411927596123e-05
3.479934377094885819e-05
3.468582133146719753e-05
3.510930128236552992e-05
3.451610022067915369e-05
3.461007380595622205e-05
3.458374305842768545e-05
3.461562792465724367e-05
3.469075624527562490e-05
3.411853797154587901e-05
3.432613433863681603e-05
3.415566192287401639e-05
3.387404180806109696e-05
3.468387279362812825e-05
3.450241118519787920e-05
3.451885420301098174e-05
3.408209430969417206e-05
3.425596732160443917e-05
3.366793484638976768e-05
3.422086445103195043e-05
3.408317315390668479e-05
3.414018097608068764e-05
3.400919418268426103e-05
3.367227350638613069e-05
3.367297311968116161e-05
3.412320844792638504e-05
3.380492916766283815e-05
3.414380253041415466e-05
3.359418672290118298e-05
3.340551103258861078e-05
3.375366941104881638e-05
3.379162413437700234e-05
3.408761713878891175e-05
3.356463858884375012e-05
3.361653581240191865e-05
3.352576912419407676e-05
3.351477735993884819e-05
3.373038687364922952e-05
3.343239852542020534e-05
3.367561815923975717e-05
3.379286245799245847e-05
3.324096881442658490e-05
3.302992184920096986e-05
3.308090370902483092e-05
3.316054817751583897e-05
3.293098687185369127e-05
3.316781756227801852e-05
3.297465423322429675e-05
3.295185533142053517e-05
3.284026717573326933e-05
3.274999576373290440e-05
3.278903444886316918e-05
3.294263801219498672e-05
3.273611309771654184e-05
3.272160920960125033e-05
3.237677027605905845e-05
3.289512061369127848e-05
3.252191460863396849e-05
3.292042582410825040e-05
3.273210110516880400e-05
3.251589179479383708e-05
3.243198190952665036e-05
3.211273475272566233e-05
3.233596937177369603e-05
3.226790906851622519e-05
3.223195963267806681e-05
3.224146102012286639e-05
3.262682001453620900e-05
3.269713172658745800e-05
3.258753106926199668e-05
3.234422388434734120e-05
3.213637903189803637e-05
3.230300646846497693e-05
3.231446050999536721e-05
3.227339142590633685e-05
3.198250312476338155e-05
3.234967858949203021e-05
3.212652870380214385e-05
3.232128239358359216e-05
3.224364315149734668e-05
3.175405974733700940e-05
3.184791934689718251e-05
3.201973566059200022e-05
3.160280542089280811e-05
3.160763926041301421e-05
3.219357240155605311e-05
3.146565720905388592e-05
3.180702861462063075e-05
3.199884161414820591e-05
3.135374332181225387e-05
3.184154090403292430e-05
3.164884198462847553e-05
3.157126225558716027e-05
3.198966742543751665e-05
3.203220492709427000e-05
3.153462530717505801e-05
3.169322144172901100e-05
3.150300737352803709e-05
3.121712910258727291e-05
3.136736096530454171e-05
3.123667209625627730e-05
3.119786409146459947e-05
3.121632558099120437e-05
3.113598790591678631e-05
3.130927123954791997e-05
3.101108921062047693e-05
3.134045633191787891e-05
3.084266721860400967e-05
3.125169486597082305e-05
3.116220621103238478e-05
3.046596004553554251e-05
3.105725954332369304e-05
3.095556804229320684e-05
3.100536020547723363e-05
3.063808677756693736e-05
3.129359469654193669e-05
3.085977157697254454e-05
3.096411116734753432e-05
3.094764377948402729e-05
3.084876837110114747e-05
3.077319575080071933e-05
3.084215602656138169e-05
3.043637476228349369e-05
3.118727659568180168e-05
3.065076059323007383e-05
3.067625718836893857e-05
3.077975772697861932e-05
3.046809066339209435e-05
3.070599019714464139e-05
3.042685542265803817e-05
3.055420485393736750e-05
3.038317392576015370e-05
3.027342706563253196e-05
3.044574424933154695e-05
3.054831288405749571e-05
3.028638663275879587e-05
3.020595747804225874e-05
3.003567088206396908e-05
3.043126431074545066e-05
3.045118419191274647e-05
3.022317678901796994e-05
2.996184932912151843e-05
3.016956184481339222e-05
3.020422229154729856e-05
3.010200347693331454e-05
2.999839986271818603e-05
2.995551994160443337e-05
2.971375422907529434e-05
3.000584039572026009e-05
2.990037053275712410e-05
3.007285711001759303e-05
3.018747604760526715e-05
2.961441758652946061e-05
2.972515964168140926e-05
2.971019654720652445e-05
2.964950746088967513e-05
2.973435300968356785e-05
2.982529722077240108e-05
2.968146079076447157e-05
2.983154027390786986e-05
2.926779641880994211e-05
2.940938454764756597e-05
2.944092620826331018e-05
2.899242915339413269e-05
2.932214642710989657e-05
2.959006609310324947e-05
2.916015568561124185e-05
2.943317688338768507e-05
2.941137371773341576e-05
2.897687541931309155e-05
2.931109624321070163e-05
2.904241255847802897e-05
2.913509838678710178e-05
2.926891083718468925e-05
2.899087836504031781e-05
2.909475579407981680e-05
2.880624502960000530e-05
2.896445662614190622e-05
2.903747744598829310e-05
2.929272592161144030e-05
2.898474799373935092e-05
2.875051963523306411e-05
2.928688439093939198e-05
2.866277490425274516e-05
2.886670792190448501e-05
2.911543208459508455e-05
2.886426556456511323e-05
2.861120220885135211e-05
2.871906371388193918e-05
2.863388548787310797e-05
2.841674459417466492e-05
2.835951827657859966e-05
2.874631619151947888e-05
2.885681840536007218e-05
2.870061211795966877e-05
2.870657722835164035e-05
2.892527076750587455e-05
2.851195501382636037e-05
2.833305996697717922e-05
2.854487001344108100e-05
2.839701829244832188e-05
2.846390599607570999e-05
2.871439407353797168e-05
2.850018201595661612e-05
2.860773114665917272e-05
2.853743491698804166e-05
2.819894559666687596e-05
2.801066108651375919e-05
2.793885501395075598e-05
2.838176063122297964e-05
2.851183415331884864e-05
2.843515971114214330e-05
2.818166128566157504e-05
2.804915968510688547e-05
2.829254526788769534e-05
2.793242793158883211e-05
2.836696533261269670e-05
2.823089444702661638e-05
2.837630300927189664e-05
2.799839567584185501e-05
2.797286933432439860e-05
2.779773473318172366e-05
2.802494331974985633e-05
2.795610060543508637e-05
2.793131373077386727e-05
2.779012925187817880e-05
2.767693949005264222e-05
2.791199216490735833e-05
2.762911133808891107e-05
2.770192240829677220e-05
2.778567665949228531e-05
2.768716929913317510e-05
2.751988315095565455e-05
2.743156215672254157e-05
2.710381892301684975e-05
2.759652198318298007e-05
2.770705840687358014e-05
2.781511470353119253e-05
2.731602709569180696e-05
2.746691554108826244e-05
2.743771982486842119e-05
2.732913867004994581e-05
2.736861398665039056e-05
2.730932801982772281e-05
2.740763534961487241e-05
2.729229572472104668e-05
2.746950065642072720e-05
2.753487601156901377e-05
2.752674747733919390e-05
2.751669877745648683e-05
2.718852302195331376e-05
2.689491523600489711e-05
2.746156300362158787e-05
2.740945707446664552e-05
2.711112420496239423e-05
2.754916659307335799e-05
2.742494582263821750e-05
2.692971592553197811e-05
2.714263779922284120e-05
2.697270322491573659e-05
2.720541426416503303e-05
2.712428882591127370e-05
2.686099668387188565e-05
2.671957308015736403e-05
2.690717968162158321e-05
2.682338067400314387e-05
2.701583560810636464e-05
2.705661262258381630e-05
2.681674467668429177e-05
2.692370593362226392e-05
2.683072031546714347e-05
2.661555889607212120e-05
2.664300839307394086e-05
2.680009307439952716e-05
2.656260235695632400e-05
2.695464518579235118e-05
2.656490772210034400e-05
2.651269366974734403e-05
2.642282019996117719e-05
2.655171505355894996e-05
2.651146248608482681e-05
2.674668239017832070e-05
2.637353601480510522e-05
2.655854685446829640e-05
2.654414412502651761e-05
2.634760108917858079e-05
2.634548546644918836e-05
2.600803543007700275e-05
2.624143239768671218e-05
2.645772283816502321e-05
2.652810651368810879e-05
2.621634126611775581e-05
2.624222331718046954e-05
2.641976108096278438e-05
2.645466417054700837e-05
2.595384559203995858e-05
2.591671692943935883e-05
2.627431572752061454e-05
2.592863360601104145e-05
2.638076925861165942e-05
2.576788793817817708e-05
2.598441718826042946e-05
2.570248849910932302e-05
2.606310720824047208e-05
2.587343690853553569e-05
2.581766046685374114e-05
2.563234923650545218e-05
2.590222678622910581e-05
2.587599926226034845e-05
2.590128611554367002e-05
2.565765133753162411e-05
2.587181390463274021e-05
2.563956029413906024e-05
2.578602923437902020e-05
2.597222807669936705e-05
2.558099677160171251e-05
2.563081554078568101e-05
2.577615914879016003e-05
2.559586663608324101e-05
2.607122460329252953e-05
2.552445220507024561e-05
2.560094823597465342e-05
2.556235469266464029e-05
2.540018081739398012e-05
2.536196927439365406e-05
2.538730097725404769e-05
2.541600130315579013e-05
2.523466792111242666e-05
2.522350292210089200e-05
2.520838327691953370e-05
2.541916522720450577e-05
2.558867730724440146e-05
2.504070072576588190e-05
2.505309438103075719e-05
2.525181653907611963e-05
2.530719513525000300e-05
2.533053864706449911e-05
2.555129561090862199e-05
2.518835643265410302e-05
2.531247808623178445e-05
2.510755665100853677e-05
2.517290362925695373e-05
2.526946970713251446e-05
2.548666995839430648e-05
2.516250321190894424e-05
2.526988923161472536e-05
2.493059453309609099e-05
2.498775544226422156e-05
2.535871118507065632e-05
2.490630271304910406e-05
2.490120933004447292e-05
2.481898166211284306e-05
2.489193103840483580e-05
2.469404456727379557e-05
2.515957732503349705e-05
2.456515331252030854e-05
2.515799253421157757e-05
2.474351757222535326e-05
2.462462389378135725e-05
2.479621536637870326e-05
2.462362330781882249e-05
2.442078748519779856e-05
2.450654232412695046e-05
2.497290527413580276e-05
2.474436745909905670e-05
2.454861281252351061e-05
2.468691949308986024e-05
2.433834304792582688e-05
2.456509133931490874e-05
2.441499554422804579e-05
2.441814592437742198e-05
2.459500548842261396e-05
2.433479335187450186e-05
2.469781070777599406e-05
2.418502866058710722e-05
2.424987446250257981e-05
2.425483178767073877e-05
2.472717763416436859e-05
2.435845244906335595e-05
2.424012229179065516e-05
2.419760570550751847e-05
2.437023515138433545e-05
2.413601811101745393e-05
2.448824739543106914e-05
2.446733407249094481e-05
2.420885949772215608e-05
2.421384319672408923e-05
2.433755960699427262e-05
2.417708107900683282e-05
2.409181320109021008e-05
2.407560920323858458e-05
2.429938858688764872e-05
2.420104261485314496e-05
2.393241947481984986e-05
2.380939316123754649e-05
2.406200856545480398e-05
2.410261721641759406e-05
2.397672233880853430e-05
2.375707885659059912e-05
2.403956654313481510e-05
2.393876112304401261e-05
2.384496880373394303e-05
2.420758395780888707e-05
2.371586840741076574e-05
2.383721393628050424e-05
2.378953648842563326e-05
2.386676996259215651e-05
2.378801135474688171e-05
2.392939405628134326e-05
2.366249763791183333e-05
2.364830807504521206e-05
2.364068707847236784e-05
2.402117525828916637e-05
2.358560844894926994e-05
2.371639652986477835e-05
2.337912195399889900e-05
2.381134698500561483e-05
2.356266825827298982e-05
2.386911119658628258e-05
2.392593767657079072e-05
2.367958940796897652e-05
2.334295736112713940e-05
2.350538790517581772e-05
2.375001583788452961e-05
2.341027909661000402e-05
2.353185366407009241e-05
2.360963684143142712e-05
2.362541571900656699e-05
2.339042831746110000e-05
2.359746730980408807e-05
2.352461948770002287e-05
2.332212512165826810e-05
2.335718742797840097e-05
2.334537986044821884e-05
2.308791471075799523e-05
2.342032718950459478e-05
2.306793737283124624e-05
2.343122097545199010e-05
2.325354928277676315e-05
2.334549469195775100e-05
2.305854552045636136e-05
2.310966465338908416e-05
2.329918700569045533e-05
2.288072788966178769e-05
2.312654792560659469e-05
2.326622419648958018e-05
2.346871833219668982e-05
2.309948989526011107e-05
2.314306544973769613e-05
2.327644054340306977e-05
2.307188191145969266e-05
2.287669448754632765e-05
2.301441582938993413e-05
2.304173235406875136e-05
2.282978737506325895e-05
2.293671048864642003e-05
2.289415529458155074e-05
2.292384158828868947e-05
2.283036699707656459e-05
2.290381545842962353e-05
2.285480925256192612e-05
2.250954569646483302e-05
2.294705266422812745e-05
2.272247314500591570e-05
2.279181329282005535e-05
2.277385857658771154e-05
2.278138061331032660e-05
2.274018684779012485e-05
2.322895052455178390e-05
2.248520278445767501e-05
2.285722552937300372e-05
2.279895302319115682e-05
2.261025927684693241e-05
2.276341436944960970e-05
2.264502579313998733e-05
2.264670736765691438e-05
2.279257036401965007e-05
2.262980242387522279e-05
2.256203982108428112e-05
2.291621124952016771e-05
2.251983947108308342e-05
2.229184677793622247e-05
2.263892147447865659e-05
2.232709300209290924e-05
2.224859761057028728e-05
2.224320740077030158e-05
2.220685028614654625e-05
2.221183003117791914e-05
2.227227986076581390e-05
2.239367288164813668e-05
2.245090929940834570e-05
2.209767996540005139e-05
2.260059754089291931e-05
2.218446893051237415e-05
2.205952343278016198e-05
2.221777624395459641e-05
2.220599072222328941e-05
2.218707260803830483e-05
2.211683784695517535e-05
2.198131247509778018e-05
2.203609537883639060e-05
2.218542170765294751e-05
2.217319362328462086e-05
2.216191935422556070e-05
2.204483240619976622e-05
2.162638931866680864e-05
2.196856051257836505e-05
2.225968752883035419e-05
2.179591142033821211e-05
2.224278363107423683e-05
2.188265320105322215e-05
2.192378636381716808e-05
2.182893111775338374e-05
2.209156761576933070e-05
2.156494938657394633e-05
2.167761856457645821e-05
2.233366887712998463e-05
2.179637217069361904e-05
2.180126988052012986e-05
2.163274151559042467e-05
2.180175666078001582e-05
2.183411806835805670e-05
2.162210845994639449e-05
2.179697141511729714e-05
2.175471102159805303e-05
2.178727188866179897e-05
2.150298291303449113e-05
2.175679602335251931e-05
2.162497437093164438e-05
2.165042953819524242e-05
2.175971763043041811e-05
2.170192816378238516e-05
2.164932906111931120e-05
2.161758209940806648e-05
2.132192340420466744e-05
2.146317953109481194e-05
2.158217300935002497e-05
2.126761909847762062e-05
2.178354115394872390e-05
2.177129394088069136e-05
2.151326604929399699e-05
2.160182385001577039e-05
2.154798533934207982e-05
2.117646601486228397e-05
2.138540136833801288e-05
2.160177422122027175e-05
2.141993136190130091e-05
2.129995790964989014e-05
2.126677790933376703e-05
2.173812085408393326e-05
2.159110092563004313e-05
2.145298768638559720e-05
2.128767934089567925e-05
2.130956771200971531e-05
2.138714632976398348e-05
2.116755335614286501e-05
2.143946331441856811e-05
2.113201439163930878e-05
2.143149890909580438e-05
2.118706997914490746e-05
2.097487971041157840e-05
2.096182345354041638e-05
2.075559639622173206e-05
2.113367698799422382e-05
2.105483322048949717e-05
2.100972864077187266e-05
2.113580458111762210e-05
2.110469807064576915e-05
2.125079345792739454e-05
2.088402137062526923e-05
2.106886082389127334e-05
2.116011250180062104e-05
2.076952681185124345e-05
2.111393737535054049e-05
2.079913544819615197e-05
2.091675208272088669e-05
2.099873075842622803e-05
2.102020228814070803e-05
2.093678384634527781e-05
2.108017048989894695e-05
2.093314679870579792e-05
2.070634071543525704e-05
2.106702297312421004e-05
2.092351623799122760e-05
2.087753024639366813e-05
2.068632200832348341e-05
2.083383382458203466e-05
2.064435988030516333e-05
2.080522844744942196e-05
2.079129592388041285e-05
2.064977705174717785e-05
2.067312268156016228e-05
2.080861487841854110e-05
2.056143903737228901e-05
2.052098653131192673e-05
2.079266292358319178e-05
2.035977139780290992e-05
2.067077756317404872e-05
2.051185230423985332e-05
2.050389682338037657e-05
2.050005390191561550e-05
2.075139821098140300e-05
2.058048919322311675e-05
2.054265316311379918e-05
2.048699808133384176e-05
2.059644187385902654e-05
2.051130739607684512e-05
2.047171062589615145e-05
2.039819420655662871e-05
2.043229612646271350e-05
2.027201897766399904e-05
2.050449826088010448e-05
2.030330707690171645e-05
2.052549328873254844e-05
2.010503183777430074e-05
2.033310721437200363e-05
2.037289035961764168e-05
2.028489579063274943e-05
2.030177887710843344e-05
2.037786859745819535e-05
2.032956088300447807e-05
2.064602422847949814e-05
2.034600689057967113e-05
2.048410924391759827e-05
1.995324018816309398e-05
2.035294002236261407e-05
2.017762079521446270e-05
1.999987515422969672e-05
2.029493826213661070e-05
2.028871087630650257e-05
2.008028038604365147e-05
2.020984891690774999e-05
2.010700139258157865e-05
1.982290780962482681e-05
2.006696678995081737e-05
2.025771697852004816e-05
2.018421148613963779e-05
2.019334885507185226e-05
1.983204642862925431e-05
2.000375031750723710e-05
2.021511780808606958e-05
1.987710398283791047e-05
2.031258895531419669e-05
1.999611627084101119e-05
1.988694057104427020e-05
1.986461928287106221e-05
1.999170356995270040e-05
1.986329567106405783e-05
1.990377553588363981e-05
1.985788981888156497e-05
1.970014612035063953e-05
1.986088869416343812e-05
1.960516568397839766e-05
1.996129438102494559e-05
1.977301717272938290e-05
1.987991475522658076e-05
1.974518775273469002e-05
1.990624201113972414e-05
1.995685522494464807e-05
1.952580952922961755e-05
1.992112344915167606e-05
2.030263972142038479e-05
1.971721831022187733e-05
1.958960188177358584e-05
1.970907187904143268e-05
1.966887579044005257e-05
1.947086709608582844e-05
1.978736817154973742e-05
1.966017125911845699e-05
1.948693109012671407e-05
1.964444839516145869e-05
1.972851676000719290e-05
1.986943007287330252e-05
1.929962865283370405e-05
1.934721796487410875e-05
1.977977948756720348e-05
1.971075970451500426e-05
1.965668954513787311e-05
1.953613144054107591e-05
1.961376331768544359e-05
1.948440011695454108e-05
1.932425164018572607e-05
1.935892063293975906e-05
1.942615661377242002e-05
1.938047690556694516e-05
1.940564787536517400e-05
1.964812651336828898e-05
1.945640328803545155e-05
1.924988523812139099e-05
1.946293782569631691e-05
1.921760206678504380e-05
1.951568952933038415e-05
1.927466446603226088e-05
1.932660337634228530e-05
1.942102606368139762e-05
1.932571470309407907e-05
1.946856154709671909e-05
1.927197339302368794e-05
1.941042288335217153e-05
1.932081775867886217e-05
1.928342524833615604e-05
1.941309382630386200e-05
1.907347343623609539e-05
1.915668546593477710e-05
1.900738017042713772e-05
1.917433667628874592e-05
1.924392555040896723e-05
1.909636966580860920e-05
1.911920022657321390e-05
1.912832256217762852e-05
1.916610569679656301e-05
1.928024160800309656e-05
1.901596793607314412e-05
1.918362200662932093e-05
1.904429272192208609e-05
1.892862612845672211e-05
1.905600059283309649e-05
1.925614115654983446e-05
1.912775911611596345e-05
1.894177199849763686e-05
1.922775801231662229e-05
1.921820863680471651e-05
1.887079587419055349e-05
1.894926310328081819e-05
1.897819495384756367e-05
1.877156070487944186e-05
1.875580741387960026e-05
1.883662994140760779e-05
1.901402710923525446e-05
1.911732979409801970e-05
1.875836156853330822e-05
1.896121129640504537e-05
1.845317718491683187e-05
1.895521218252704904e-05
1.873290619426898300e-05
1.887790296599785032e-05
1.875029348480682212e-05
1.901728285859925240e-05
1.869525291347103602e-05
1.888990090507200413e-05
1.847134778246388562e-05
1.888866215501754981e-05
1.872467467338708599e-05
1.861850035669530620e-05
1.857797492114301031e-05
1.875675898892004763e-05
1.864151488371238016e-05
1.861836350487708829e-05
1.858281469251297133e-05
1.832285910095105179e-05
1.838357585070883604e-05
1.880952952214430161e-05
1.863919228917454180e-05
1.848849194401275769e-05
1.883908778361567692e-05
1.873665905255031796e-05
1.853145787938471277e-05
1.841390304281047990e-05
1.851250582022016984e-05
1.868165036554493319e-05
1.858339162168527064e-05
1.870612448254030031e-05
1.865725897610314693e-05
1.833282803490115739e-05
1.861117138173657990e-05
1.855431717788196661e-05
1.856106053657434344e-05
1.823975311805620553e-05
1.848530624918835215e-05
1.828540168089591060e-05
1.845876376280732725e-05
1.816650335601544347e-05
1.846323992810044762e-05
1.822092388111483906e-05
1.840383721331782040e-05
1.784309643540849200e-05
1.829681914914547600e-05
1.853010365659585673e-05
1.848485308753019732e-05
1.848414367539834172e-05
1.824482510918834426e-05
1.791099641243572838e-05
1.813548532698819413e-05
1.819683251876910550e-05
1.813531579269944967e-05
1.836910290644934270e-05
1.851942913589135946e-05
1.806961156822689662e-05
1.834627938773115109e-05
1.809352760763660746e-05
1.822879678395234344e-05
1.786958842894939681e-05
1.806803192633546701e-05
1.803081990472751788e-05
1.818806614588473172e-05
1.822256804323782995e-05
1.819668734412750686e-05
1.804628748566695516e-05
1.798308966624639958e-05
1.820714647149578050e-05
1.800280307262574808e-05
1.803315035674373675e-05
1.791308824489913287e-05
1.800966290449404364e-05
1.791350009688140980e-05
1.796259535905549037e-05
1.833273592433772486e-05
1.796695004176972809e-05
1.758772735271839181e-05
1.786345482703537027e-05
1.776002148671980565e-05
1.812354117724508556e-05
1.785006497342433247e-05
1.791365775886717495e-05
1.780420369816253568e-05
1.772751236449845904e-05
1.802006638521173366e-05
1.773959960394534625e-05
1.774856920135475791e-05
1.764480957901600738e-05
1.785867389476662344e-05
1.741860070615394929e-05
1.802727885018451544e-05
1.753961509049415231e-05
1.812394452446632929e-05
1.801763921862262411e-05
1.787305114620600058e-05
1.767256368416389323e-05
1.763584564829339801e-05
1.777070432838199194e-05
1.749453768050659967e-05
1.749855670499687405e-05
1.764488565377624448e-05
1.744022741992165226e-05
1.772431763274222647e-05
1.754928316525960932e-05
1.757921170817998421e-05
1.763408613676974539e-05
1.757229882504400141e-05
1.736484341327181117e-05
1.768593427365551082e-05
1.761993247657048190e-05
1.746501708597089595e-05
1.760086472356826376e-05
1.751811165028771650e-05
1.741975392462631543e-05
1.735792552761393988e-05
1.729367837474795870e-05
1.753050485782663582e-05
1.753729322824137919e-05
1.765342316735384813e-05
1.745036511789021746e-05
1.744797683456921725e-05
1.751500643820802692e-05
1.723263291029246367e-05
1.746228823083626245e-05
1.746847658290549737e-05
1.719671986085449496e-05
1.742643375328775538e-05
1.725684864289637912e-05
1.720464430414072370e-05
1.733119424728637439e-05
1.720016484087997450e-05
1.723091456989994823e-05
1.726501848327193834e-05
1.731657892568723344e-05
1.732388505009398004e-05
1.736245887429239566e-05
1.701649231186190875e-05
1.732217910102924914e-05
1.705103173201791920e-05
1.712574300500024419e-05
1.709172300785742043e-05
1.690751405663554202e-05
1.734706756058731439e-05
1.708819762556575310e-05
1.717837091807574793e-05
1.708970152619901787e-05
1.740307941137776170e-05
1.744347671442101938e-05
1.705989676405015074e-05
1.713257602903826160e-05
1.738945759586754187e-05
1.711304947115867625e-05
1.724618874069142491e-05
1.698718966838007042e-05
1.689526039232159993e-05
1.708463937405439368e-05
1.693687818091505016e-05
1.695481711219257219e-05
1.720840926670868685e-05
1.718133889851083414e-05
1.722308749039566989e-05
1.706426152420977365e-05
1.696735721736076878e-05
1.697189537470593127e-05
1.732898506611970889e-05
1.707438849365430588e-05
1.675539140085306113e-05
1.716767528573863644e-05
1.660005820995420466e-05
1.695101098225696801e-05
1.688343261860344782e-05
1.722623671980643998e-05
1.680977677425686634e-05
1.696771671073785890e-05
1.698069692832608119e-05
1.677432766566493478e-05
1.680530040042461045e-05
1.672303019955013157e-05
1.674912057087620153e-05
1.677163828085331075e-05
1.694500629388760946e-05
1.669019951057066644e-05
1.660939143563762281e-05
1.656810384678454945e-05
1.671608414190732972e-05
1.673107255588777043e-05
1.669033672904142736e-05
1.674726524779068533e-05
1.671242694548344499e-05
1.676177776851731267e-05
1.681772274412361457e-05
1.673026770262535731e-05
1.656666921569746213e-05
1.654518785622771676e-05
1.648962376524829604e-05
1.660814170008963761e-05
1.683445948412785827e-05
1.659998776331860558e-05
1.669199691485496122e-05
1.673854627104999585e-05
1.661498351960808515e-05
1.680682895708201531e-05
1.668772897296350673e-05
1.661649156093439079e-05
1.661532457335602496e-05
1.634622525945769565e-05
1.634257889319683056e-05
1.650123927811430376e-05
1.662918341927288951e-05
1.647031338850723250e-05
1.656584070067107425e-05
1.663237385704201677e-05
1.659213107990853740e-05
1.648877774539552675e-05
1.635662865531692129e-05
1.644106912806121999e-05
1.617160393258689109e-05
1.639851333725307077e-05
1.640349487551675097e-05
1.618571274084297729e-05
1.628791930922473478e-05
1.619459142771469194e-05
1.651632202787026719e-05
1.624245249580344555e-05
1.647347643497085792e-05
1.622491204806140560e-05
1.606710128370253884e-05
1.640940263550902476e-05
1.630206818962325348e-05
1.653692308522166916e-05
1.618056763985802464e-05
1.621511185071583980e-05
1.630762284002703241e-05
1.627417839138335106e-05
1.633006264294661051e-05
1.630938197449764468e-05
1.641455685410355816e-05
1.592641409730791288e-05
1.632786779052764671e-05
1.620373353859789925e-05
1.614024643022862450e-05
1.631001304469407659e-05
1.607511324559266654e-05
1.609362126768115311e-05
1.611191509952044382e-05
1.608537163934771328e-05
1.589370106623708815e-05
1.631800052720633912e-05
1.609419066013452959e-05
1.622343172858350011e-05
1.597587320331554783e-05
1.575259359403476987e-05
1.600650147064579276e-05
1.618767983364925080e-05
1.612445434953798350e-05
1.581650484000409612e-05
1.601283613107297709e-05
1.588521954658595318e-05
1.594237979427815059e-05
1.612195482042689696e-05
1.634203506117930206e-05
1.573335902349405665e-05
1.609499083000356351e-05
1.599188308741626534e-05
1.561903183372285330e-05
1.594234600875967997e-05
1.602965926125479466e-05
1.580339300183633628e-05
1.587490558270932949e-05
1.620219388704132845e-05
1.575687746213312441e-05
1.600628156280818992e-05
1.581853747393125356e-05
1.603812909223078587e-05
1.574275894443934371e-05
1.602986494110170772e-05
1.586228113463875020e-05
1.584254082213327767e-05
1.592217817861551939e-05
1.601039444997568088e-05
1.573629400445311039e-05
1.588924572464432325e-05
1.576302810318459271e-05
1.587922482592041490e-05
1.586517697801015622e-05
1.570645701260367933e-05
1.583614753431822662e-05
1.573352330188856375e-05
1.569263568962678032e-05
1.569342217413365813e-05
1.570403298735041100e-05
1.592360204583397594e-05
1.578694423643289604e-05
1.562654694088313670e-05
1.548315447746212358e-05
1.579423347446974965e-05
1.579921818538768409e-05
1.554344275816776547e-05
1.573916860454175216e-05
1.548914430734093538e-05
1.596647067498279673e-05
1.563503321821167801e-05
1.549345529209955941e-05
1.549986677923859596e-05
1.560430174529289438e-05
1.560588127381874214e-05
1.566675168690227977e-05
1.575993591546945237e-05
1.548910310067076908e-05
1.549415340640861334e-05
1.563583832404090828e-05
1.556629283750873784e-05
1.538799832952224755e-05
1.544744144798061068e-05
1.573862509929215358e-05
1.547157160144806352e-05
1.527155797299959463e-05
1.575555472978957698e-05
1.583859084826576348e-05
1.508362032102356638e-05
1.532059393302970653e-05
1.537918860944002995e-05
1.545803749635870969e-05
1.564690712110784588e-05
1.574981374475095257e-05
1.533846861450969239e-05
1.567886828172630488e-05
1.536207125911691668e-05
1.533599000754889266e-05
1.551386099055107029e-05
1.537635088345931853e-05
1.543966222809730582e-05
1.524798440880850876e-05
1.528607014801555892e-05
1.530344543579297239e-05
1.542730696437750388e-05
1.558502143772973203e-05
1.500651160153704373e-05
1.522195490508145017e-05
1.529807946904532565e-05
1.517210197662903498e-05
1.514315030610286968e-05
1.543544633038096639e-05
1.554284592992345197e-05
1.520745595016593054e-05
1.508997020456219637e-05
1.521632389361327268e-05
1.522692823368245962e-05
1.548860789723385435e-05
1.515389224090992990e-05
1.521068117021347432e-05
1.527422023028193420e-05
1.509525970734699104e-05
1.519417770506740440e-05
1.518031757986270018e-05
1.506512896935333845e-05
1.514053622879695535e-05
1.493954161386945469e-05
1.497660714071641704e-05
1.529470142742893628e-05
1.506557201251552874e-05
1.500987413847048197e-05
1.515655455212486469e-05
1.507726192860160389e-05
1.508947838192487564e-05
1.505898906463885711e-05
1.491908279901842380e-05
1.523590616488915507e-05
1.490566668414212379e-05
1.510087998546433695e-05
1.528334320548431204e-05
1.504302080521220101e-05
1.497017055487736431e-05
1.490177944884043729e-05
1.510210708123616672e-05
1.511814965076300690e-05
1.507024817369252851e-05
1.491000851116474244e-05
1.496503033524546793e-05
1.493895374971527895e-05
1.505396127658901900e-05
1.468788268504459564e-05
1.511411553176703107e-05
1.490919666470389633e-05
1.490929073696524315e-05
1.494484213626124445e-05
1.494975218289773461e-05
1.473324820221655749e-05
1.499010497321113736e-05
1.479820472689622738e-05
1.478078155203669008e-05
1.515208330583382268e-05
1.473534226383714540e-05
1.472686459513418270e-05
1.472415523803956579e-05
1.498133907951649361e-05
1.489753289307182234e-05
1.474930910279230250e-05
1.501235257522243684e-05
1.477730591883868674e-05
1.491097781510554003e-05
1.447021543780506580e-05
1.488946956508285078e-05
1.461914166310191709e-05
1.486388175490589813e-05
1.490881634997385009e-05
1.468230374354821978e-05
1.468942811370298582e-05
1.497237616120104605e-05
1.488146611816847387e-05
1.496134299433262911e-05
1.482447334898677263e-05
1.452943048707663734e-05
1.477262903994867331e-05
1.475526134537724461e-05
1.466628570776229367e-05
1.463400676839223722e-05
1.433045901034771594e-05
1.467465506163917764e-05
1.468438216251501451e-05
1.449839198235470087e-05
1.458490722304580029e-05
1.473592384089213819e-05
1.475185353937965401e-05
1.459315985399621096e-05
1.488221023099244103e-05
1.437246255488833209e-05
1.456988458663883122e-05
1.450520939072276392e-05
1.473136774469399526e-05
1.450943646473011410e-05
1.459204082517222592e-05
1.461457657644974099e-05
1.445270182737172770e-05
1.470930677124363889e-05
1.449365183576801294e-05
1.440793229980037340e-05
1.454435341014386877e-05
1.429680413200091079e-05
1.453982616542972612e-05
1.448683214435184697e-05
1.431745800796200280e-05
1.452505502844365721e-05
1.466148539618971093e-05
1.478868464243228872e-05
1.455033279622234722e-05
1.454625892970691374e-05
1.447110372895877629e-05
1.440444393800084495e-05
1.452119155997607457e-05
1.444257059829115220e-05
1.467679814130272339e-05
1.466970478319526609e-05
1.434447527539904382e-05
1.425850281232762512e-05
1.427898232538530697e-05
1.449531520964513116e-05
1.434898904812122338e-05
1.438431560051277460e-05
1.444758244419336218e-05
1.431634310852356519e-05
1.418926480537058788e-05
1.405097149822409566e-05
1.440728447181613001e-05
1.451012146714196298e-05
1.437580281190321897e-05
1.437391896992610032e-05
1.443280041827491698e-05
1.436141532986704777e-05
1.416492886836571474e-05
1.429522462144871083e-05
1.452914343384123654e-05
1.436212611653835759e-05
1.410582246128573191e-05
1.439892356190202119e-05
1.411525436555362045e-05
1.420019077509113831e-05
1.423435842175666669e-05
1.411744892117759617e-05
1.426619947987629392e-05
1.410541817388745955e-05
1.436536399395114586e-05
1.390338688179559931e-05
1.431465344274432324e-05
1.429184442684195002e-05
1.406650420261561308e-05
1.412543317355431726e-05
1.432609554044770462e-05
1.392736175805186322e-05
1.411190893500717125e-05
1.399914137929953944e-05
1.417757656418061338e-05
1.392304061120751415e-05
1.422742269315467455e-05
1.403252384416039712e-05
1.437928741672451196e-05
1.393294432169568699e-05
1.422988847820846734e-05
1.406595240921750973e-05
1.411046705209973915e-05
1.393763562555818977e-05
1.399557374050072217e-05
1.396968204265920861e-05
1.397447851015991386e-05
1.415374594449940334e-05
1.393986217150550612e-05
1.399600188824900184e-05
1.414921204882494536e-05
1.404014832543112147e-05
1.384748004966866298e-05
1.409057846098231812e-05
1.408290457966671919e-05
1.370250799394393286e-05
1.397356678894959905e-05
1.416436465328840526e-05
1.398270690116462966e-05
1.405847834397110554e-05
1.381746434867870813e-05
1.382232477871997936e-05
1.382848929196134178e-05
1.381507729791990001e-05
1.386614633843795696e-05
1.364196870998569467e-05
1.381681206788551052e-05
1.382418351102162871e-05
1.385812971005143260e-05
1.397471647502716684e-05
1.383716438292664136e-05
1.372120313156123349e-05
1.394607619919352578e-05
1.386885013670479903e-05
1.371819085938833516e-05
1.385286423417045652e-05
1.391732194311959281e-05
1.379229961863621762e-05
1.393584602412299567e-05
1.376461554486295712e-05
1.384317413432077588e-05
1.368851539692304129e-05
1.383224631800298069e-05
1.371551513814000341e-05
1.387547746805883107e-05
1.396779278454868041e-05
1.361065679686934502e-05
1.388352826588841778e-05
1.372242449834420268e-05
1.371325393215662722e-05
1.352469336192452061e-05
1.356392871346336866e-05
1.362276066486602667e-05
1.369422690609042170e-05
1.370692504431742539e-05
1.371530671556194337e-05
1.335500823415222796e-05
1.385208104292124527e-05
1.370623769386891985e-05
1.339533690600111315e-05
1.343414260026954642e-05
1.353118004373706506e-05
1.368942588668421103e-05
1.352351210463559241e-05
1.362823893940762458e-05
1.356306462482104365e-05
1.345410665569671230e-05
1.366676447541733244e-05
1.372595110127699494e-05
1.381055826183643536e-05
1.353241402127339106e-05
1.378748591106979885e-05
1.332796626927617727e-05
1.338141415208319387e-05
1.366039442668186195e-05
1.352648244775333963e-05
1.366298547521919881e-05
1.353532489448012931e-05
1.366450755062105373e-05
1.355290911195530916e-05
1.354010773655132980e-05
1.338371311832481661e-05
1.361528986640414503e-05
1.359843450431539687e-05
1.354261140401079715e-05
1.354817995870241952e-05
1.366907326254644797e-05
1.341016674654105947e-05
1.351430682120439541e-05
1.357953258418173071e-05
1.365072870632707941e-05
1.341561790234806010e-05
1.343685436139051775e-05
1.359948490569560184e-05
1.361407271795266203e-05
1.353162954160198428e-05
1.340173059485276457e-05
1.340130956264605795e-05
1.311945300110713654e-05
1.330999621659899150e-05
1.343994642775285879e-05
1.333335025308484725e-05
1.335612602000853964e-05
1.323335506321362462e-05
1.337761172419230634e-05
1.342612209081119367e-05
1.334989387441624838e-05
1.348275030422939689e-05
1.326134077313485440e-05
1.334009531788665485e-05
1.337849307850738924e-05
1.340538430436543483e-05
1.337373358966437044e-05
1.356840185908822149e-05
1.306114511955964320e-05
1.323964380633995512e-05
1.341861297285927828e-05
1.347022977565570633e-05
1.318215211573038530e-05
1.336961587370740481e-05
1.323578848645768952e-05
1.333160700159404693e-05
1.336498447582287012e-05
1.335566519856182176e-05
1.324937838161559218e-05
1.310578064005303106e-05
1.328550092145335698e-05
1.328620820646741000e-05
1.310220283576952849e-05
1.324188883828958168e-05
1.324423980766573513e-05
1.321520409881587776e-05
1.318847961004741305e-05
1.344057574855376073e-05
1.338537875809352431e-05
1.324908336736649531e-05
1.322490662478914470e-05
1.319213205148887585e-05
1.327923489367204791e-05
1.305037958514568329e-05
1.320135445821551494e-05
1.312898225708416745e-05
1.319996708118657696e-05
1.302337508047288317e-05
1.336810952627304531e-05
1.326872679063362098e-05
1.327457553984362134e-05
1.298098195265852964e-05
1.327007688155112675e-05
1.289756335279452709e-05
1.310393129248529781e-05
1.331925574183826358e-05
1.287410520324929412e-05
1.319157318981894203e-05
1.302899859642757344e-05
1.308673381156977655e-05
1.304065383687511312e-05
1.290162383593772182e-05
1.299045820304907166e-05
1.311412293688355332e-05
1.301069656605950432e-05
1.312825182697920365e-05
1.313257079135244690e-05
1.317666735338944207e-05
1.291284195473818900e-05
1.305977721467256239e-05
1.311473115970880907e-05
1.290036735153844362e-05
1.287978789256126905e-05
1.305924045173917234e-05
1.292933312752703282e-05
1.296437614853507770e-05
1.304239373382525899e-05
1.276921930565427166e-05
1.287263273460844129e-05
1.288691910554899802e-05
1.279379450189129177e-05
1.297134803080355958e-05
1.287195605046448257e-05
1.294305302023301966e-05
1.305153830003177974e-05
1.278699307671452778e-05
1.282899946969371743e-05
1.295105452679245097e-05
1.287165066174937979e-05
1.285546989245581685e-05
1.290850926617346779e-05
1.272908161962375014e-05
1.296587759086636652e-05
1.275899491073276196e-05
1.273412080895987538e-05
1.261638321725146420e-05
1.267827003870265805e-05
1.279510309906886211e-05
1.290432706028415305e-05
1.273847195645898980e-05
1.262862587193797721e-05
1.298568060819801681e-05
1.266850205480880631e-05
1.275471018447949236e-05
1.268418725776520647e-05
1.284448534715766407e-05
1.255486421249606405e-05
1.258342367529162846e-05
1.242924007484548016e-05
1.263584183201794558e-05
1.272928546896193005e-05
1.278850432820338877e-05
1.282686314505346852e-05
1.274287266058874881e-05
1.280305758823479347e-05
1.266168955477870899e-05
1.277338329047960924e-05
1.267734257076680685e-05
1.248765885196380979e-05
1.273210067938229060e-05
1.287943405521933692e-05
1.273148331262235621e-05
1.239281667882344551e-05
1.254867798044859794e-05
1.254059481082588027e-05
1.256433107287599150e-05
1.280810689930192570e-05
1.256153238690776805e-05
1.258673433480997986e-05
1.275177685988555225e-05
1.278115310792299567e-05
1.280017134161708720e-05
1.246809783224751645e-05
1.274954225122943552e-05
1.286792190786385674e-05
1.277837239893947342e-05
1.301628827328936120e-05
1.288348324868763636e-05
1.237739972246057407e-05
1.261192033244604582e-05
1.263185049361508061e-05
1.256061271717095574e-05
1.258152695855257243e-05
1.248737529876003000e-05
1.243592130015291443e-05
1.263027599982615939e-05
1.264405259158740408e-05
1.263565154107511347e-05
1.246417177009008101e-05
1.267817047636364825e-05
1.255111383267081556e-05
1.260139514468935218e-05
1.249871009339447463e-05
1.255662824574875177e-05
1.254012940017840667e-05
1.254245930865930924e-05
1.248768071409023783e-05
1.249049778673012578e-05
1.259012612872146865e-05
1.234351264360007274e-05
1.235167697559871831e-05
1.273300048708133090e-05
1.233613257995011098e-05
1.261685013861633297e-05
1.248881384857985844e-05
1.246403827305537207e-05
1.240347722513333716e-05
1.242267622711325332e-05
1.249371389126756840e-05
1.234930389047639335e-05
1.228746340466654580e-05
1.240017629992424930e-05
1.252276917810786074e-05
1.250522708641909108e-05
1.240318354673555952e-05
1.241873191679336954e-05
1.217592342049781355e-05
1.255273384908339333e-05
1.251851936890508905e-05
1.225313762369536095e-05
1.230954974158775231e-05
1.229717706341523598e-05
