nan
nan
8.580487255222456200e-02
4.931076686584544289e-02
3.120960150272582626e-02
2.155851869138973240e-02
1.598912736716434982e-02
1.255903871383492326e-02
1.029973449808800623e-02
8.730424815956270082e-03
7.584926921768611607e-03
6.701299107256460628e-03
6.002445941010937057e-03
5.437458136333757699e-03
4.972843942800940845e-03
4.578275419206203310e-03
4.239069028577744161e-03
3.945151944515661036e-03
3.692033645936698173e-03
3.463916990431968688e-03
3.250896696367906128e-03
3.073836293497888249e-03
2.914057820932526230e-03
2.768271277019380625e-03
2.644797894914041689e-03
2.529914992399687028e-03
2.420645599493868524e-03
2.321958266895678136e-03
2.234392479123385039e-03
2.151301070975330642e-03
2.076012511456454789e-03
2.006940633656697451e-03
1.941451755371843488e-03
1.880281658640224965e-03
1.823025132190875036e-03
1.769547544032333292e-03
1.721077311658280456e-03
1.674373081034175514e-03
1.629499961946988826e-03
1.586931437945248618e-03
1.545882772086586881e-03
1.511285282470793516e-03
1.473028767892370925e-03
1.444428291720724388e-03
1.412674343220784740e-03
1.382385603864498417e-03
1.354290020915352314e-03
1.326421795473859896e-03
1.298615399001249934e-03
1.276174934807660678e-03
1.252600918133768863e-03
1.228931625879382990e-03
1.207586216243871843e-03
1.186281086974482488e-03
1.165224719497421572e-03
1.147776711753542480e-03
1.128392915103168569e-03
1.111507042701914780e-03
1.094608979352134281e-03
1.077021984757409569e-03
1.062303094916561708e-03
1.049014285327517062e-03
1.032538359889478624e-03
1.019507032744876697e-03
1.003773958937057703e-03
9.926290087839558483e-04
9.798631387269570933e-04
9.661519745493518619e-04
9.535105215951901860e-04
9.433118049250954979e-04
9.332058907763259590e-04
9.193813263896170873e-04
9.109130498999232347e-04
9.001247508668104363e-04
8.906084211343416818e-04
8.812929146520275024e-04
8.723721257777075329e-04
8.628949998792818108e-04
8.504688745566655337e-04
8.431104200896029658e-04
8.358996557755445176e-04
8.268440964095903536e-04
8.182901613515560857e-04
8.121640047839275792e-04
8.054167456808234999e-04
7.977027626383457722e-04
7.893174336928914870e-04
7.815430898787095043e-04
7.762019398444640990e-04
7.682556550332464169e-04
7.615576604881749492e-04
7.555549109433131556e-04
7.472528418701580117e-04
7.424431098307552419e-04
7.379176405589443636e-04
7.297421738224422463e-04
7.248950613057884938e-04
7.184894964695193566e-04
7.141572918976662890e-04
7.081325159108614381e-04
7.015101670113852144e-04
6.976125150521025452e-04
6.923864503375835432e-04
6.860412218215409261e-04
6.824105744512808623e-04
6.772020071643825977e-04
6.718194015836687029e-04
6.680480498044971942e-04
6.645058064174803403e-04
6.581250628842868263e-04
6.556201956708732634e-04
6.478333575698121951e-04
6.451434610312642036e-04
6.414024972704651575e-04
6.372839637014432890e-04
6.337158276657377850e-04
6.288895696267211063e-04
6.247190632769260505e-04
6.212188285377754846e-04
6.166544238364998678e-04
6.139013387146223522e-04
6.088060160231098528e-04
6.056628611125005083e-04
6.024299951035203384e-04
5.985720561176871178e-04
5.940402257806659710e-04
5.915159156753755070e-04
5.869798425927545259e-04
5.838628897980207341e-04
5.813212680096908154e-04
5.773840161055163482e-04
5.752361944378738077e-04
5.718193408779421874e-04
5.683384927568385257e-04
5.640352046535875366e-04
5.631002894729006999e-04
5.593044718670661967e-04
5.551731844649302611e-04
5.525915490839099133e-04
5.498221872315048721e-04
5.467347661826330724e-04
5.429868063118461433e-04
5.421961145476049057e-04
5.392028273283639307e-04
5.345772475377784166e-04
5.322013312683409334e-04
5.294301249460240180e-04
5.265921204635367042e-04
5.239044100904322650e-04
5.234366407355381477e-04
5.199491593823450143e-04
5.166357678532676120e-04
5.138696322621002285e-04
5.117058702500274165e-04
5.093539559741313855e-04
5.069347086761095576e-04
5.058885324329868245e-04
5.026658183448474114e-04
4.991532836242938741e-04
4.982584577007671649e-04
4.950305258378533309e-04
4.913169656581689842e-04
4.917813932011680768e-04
4.866083947282336879e-04
4.861709729912239565e-04
4.826272381537989944e-04
4.809884941025270783e-04
4.796279846879742737e-04
4.773046470135005660e-04
4.759116474839083719e-04
4.734602804495581995e-04
4.712427932228070715e-04
4.697779498048704401e-04
4.677813104749409083e-04
4.641350862749629366e-04
4.611615986225942824e-04
4.606397683009140921e-04
4.590032478382007910e-04
4.573442220606902474e-04
4.551818016908644416e-04
4.546192130863550580e-04
4.522780640386747761e-04
4.501201741743612200e-04
4.474854117716892446e-04
4.464162835358571630e-04
4.436066451626513108e-04
4.422084639465496134e-04
4.413379084015686270e-04
4.382440222828200261e-04
4.374290775297561907e-04
4.341413791631691535e-04
4.329027197006601077e-04
4.308680914703392735e-04
4.294058283848720906e-04
4.266957099450195950e-04
4.256887324557206628e-04
4.242418733475818680e-04
4.216864932901806225e-04
4.214365613086560984e-04
4.202679691555824939e-04
4.164736137099296588e-04
4.166946859250153599e-04
4.148313568325598106e-04
4.130773865209665216e-04
4.127098535755921341e-04
4.098632446107530422e-04
4.090219974293848263e-04
4.061296706366088281e-04
4.057334001856766157e-04
4.039911376800272387e-04
4.018100486154032105e-04
4.003100141215470520e-04
3.995903044880863434e-04
3.964184967040876350e-04
3.962865749146573103e-04
3.948942188818334114e-04
3.927030843200890486e-04
3.915318187529825424e-04
3.899018217036234984e-04
3.891321590445048209e-04
3.871863345511524900e-04
3.857927257170976716e-04
3.845608684396544354e-04
3.825759434842187731e-04
3.821380034963383298e-04
3.803337820051787711e-04
3.780029204504758251e-04
3.776904171496308347e-04
3.767502310821890517e-04
3.755009799565446420e-04
3.734658600229242577e-04
3.724092348916192082e-04
3.700160974858455435e-04
3.697820984204043451e-04
3.685133918933706739e-04
3.670897040187714165e-04
3.646985760672375831e-04
3.647864911890196069e-04
3.625420209001384308e-04
3.621465468355093134e-04
3.602911574422718900e-04
3.601066751920742998e-04
3.584405920485014417e-04
3.566597483249221582e-04
3.565110898579975100e-04
3.539744228584806082e-04
3.543497150002089470e-04
3.533906147565323312e-04
3.513180693137380036e-04
3.495909992762322280e-04
3.489435616330951160e-04
3.478218838417546153e-04
3.462541073843490753e-04
3.448553850168390800e-04
3.445845647257120411e-04
3.428405995320488609e-04
3.428664982499598384e-04
3.406900597807874091e-04
3.383696943492170515e-04
3.393216975566181663e-04
3.371825347855169209e-04
3.354658238915962914e-04
3.363573601765413885e-04
3.335145828844734137e-04
3.334938164918702357e-04
3.321183711295922891e-04
3.306602056418184426e-04
3.295548405807544935e-04
3.291188164282298607e-04
3.278097078094958342e-04
3.274863347444875424e-04
3.241914908325856082e-04
3.246578403667752508e-04
3.230138320795992654e-04
3.220865149243655901e-04
3.213186203320811830e-04
3.200073097582127059e-04
3.185726165533798960e-04
3.193638965501602550e-04
3.169430426643980877e-04
3.166379219833751553e-04
3.157918443210173975e-04
3.142706210352007074e-04
3.134898915689540472e-04
3.124248731536934478e-04
3.109394545907387354e-04
3.111851689834910554e-04
3.097914617211250539e-04
3.079072634881966524e-04
3.084751849998568001e-04
3.078537181528009209e-04
3.059933701612738751e-04
3.046655450549304138e-04
3.037085711236206997e-04
3.031564111058320573e-04
3.022017098859097555e-04
3.009949836743982415e-04
3.003539661643985425e-04
2.989876138303584115e-04
2.983474202865273907e-04
2.973802354778589752e-04
2.965160901884799803e-04
2.962323241290808402e-04
2.943276834530198080e-04
2.947586869955377137e-04
2.924795308397805014e-04
2.928347956515195047e-04
2.917194271791353436e-04
2.907201310513325546e-04
2.901060359574601983e-04
2.882125590864234631e-04
2.883469832030413692e-04
2.882931122018430985e-04
2.865983781777142921e-04
2.847833503288507142e-04
2.848982512194275936e-04
2.837158860978759856e-04
2.845731333373139964e-04
2.835682291732116505e-04
2.817083341634226074e-04
2.799484942322924856e-04
2.794478811093888430e-04
2.782909887271898500e-04
2.784246648738660217e-04
2.764372367527820210e-04
2.761616799611791326e-04
2.751054034910774531e-04
2.747783717373244528e-04
2.737493352827213432e-04
2.726356126799321460e-04
2.727763492170979663e-04
2.718382951814879173e-04
2.706953797838893374e-04
2.689203016396901342e-04
2.688618266206427168e-04
2.684469645336680344e-04
2.676909212595975866e-04
2.667973773970159146e-04
2.659115632854195787e-04
2.648416551830680443e-04
2.643070784104728055e-04
2.642583081385325018e-04
2.627649531394818578e-04
2.623181136444014978e-04
2.608935328838665876e-04
2.600903461062905307e-04
2.603493742874531873e-04
2.586808767891016735e-04
2.586047599645002987e-04
2.584162533755845386e-04
2.566776342137584103e-04
2.567914638534641854e-04
2.554481476496709975e-04
2.547701697866729771e-04
2.539723138416977340e-04
2.527674745794296698e-04
2.538788865579611831e-04
2.526902473352866593e-04
2.522164525604105728e-04
2.515341089042023685e-04
2.512158510389905265e-04
2.493515337351036722e-04
2.484930662501627662e-04
2.484251232913991516e-04
2.471646854015087900e-04
2.461489640651334581e-04
2.460606422111790239e-04
2.460143042123696163e-04
2.442334184948834999e-04
2.444981616685695932e-04
2.432494216559725770e-04
2.431304928443214634e-04
2.430226123791141791e-04
2.420157380155951894e-04
2.414984804491664919e-04
2.401292610966625782e-04
2.390856006855851946e-04
2.392866728333243329e-04
2.385671347629595481e-04
2.364901190067236997e-04
2.373618402806227312e-04
2.371988630078251026e-04
2.355664651935199770e-04
2.358609844945221275e-04
2.342261791570834049e-04
2.344546449324447582e-04
2.335556824168096208e-04
2.327739025241507128e-04
2.318071028279011130e-04
2.313541130716301240e-04
2.311048235579340766e-04
2.310217193812559361e-04
2.304697041450985847e-04
2.294810384335636984e-04
2.285916397164576704e-04
2.286285653551886968e-04
2.267415942366094123e-04
2.269880038147300693e-04
2.263632318892471579e-04
2.246320364029155399e-04
2.256075860079784809e-04
2.246827971804085189e-04
2.233275094056029302e-04
2.236667779774039030e-04
2.227829344735613663e-04
2.234640831387961545e-04
2.212552846498874639e-04
2.207066137228432001e-04
2.206126799878848146e-04
2.196878460088200864e-04
2.188600861770034962e-04
2.192172301640990008e-04
2.187000361713388496e-04
2.174112324410797667e-04
2.171896300893451847e-04
2.172686497947886220e-04
2.163623455971614568e-04
2.156957039633256349e-04
2.151082217397640975e-04
2.140675766693229390e-04
2.136621231889873195e-04
2.138111662780964382e-04
2.128252072070294034e-04
2.118182299518712758e-04
2.121014102893291169e-04
2.114300382530428504e-04
2.107221460621913872e-04
2.098452604785096460e-04
2.098210478223725090e-04
2.080803318867996182e-04
2.079229821986249558e-04
2.075357280418120153e-04
2.076034150093873133e-04
2.067836084608296423e-04
2.061809514426875560e-04
2.048241440203153567e-04
2.048223460365590921e-04
2.049506996934358889e-04
2.051013852485775190e-04
2.040597615782624549e-04
2.034129618818585430e-04
2.029122134871743342e-04
2.034790782770836077e-04
2.019484346784249530e-04
2.005979986453390075e-04
2.016956411145401449e-04
2.012069410973130591e-04
1.991017799879623510e-04
1.985292627688663408e-04
1.986498135537457079e-04
1.982743567001168646e-04
1.970512089091427596e-04
1.975490759155262681e-04
1.966725877489694789e-04
1.967714699389459289e-04
1.956304987936457324e-04
1.946938152628981122e-04
1.944965742852319476e-04
1.944754229825212120e-04
1.938128651477725886e-04
1.932951683991946930e-04
1.929317234296544514e-04
1.928097058249176135e-04
1.921217667638444333e-04
1.913274761912161582e-04
1.907733136576721393e-04
1.905372764672695510e-04
1.901770517731473796e-04
1.904056964440155938e-04
1.895783777192142029e-04
1.892219389335484476e-04
1.881249293396243972e-04
1.876973335024416075e-04
1.871452608028936835e-04
1.870712887434075459e-04
1.862060952599243644e-04
1.859016853802892871e-04
1.853373614604414573e-04
1.852811524329281542e-04
1.841793057317596242e-04
1.845101656944461807e-04
1.836608837041819474e-04
1.840232683698596024e-04
1.826080828891524211e-04
1.825339346644012906e-04
1.820762271859520268e-04
1.810575334954753202e-04
1.810146664944409483e-04
1.802642020717014066e-04
1.801759375774361009e-04
1.798375467574589350e-04
1.795449361614822519e-04
1.790895064957915216e-04
1.785296133581444373e-04
1.778026317601021479e-04
1.779500591201527994e-04
1.776532306295469828e-04
1.770914050901292898e-04
1.765082190456280966e-04
1.758489037486019567e-04
1.754726766684325256e-04
1.746166062287205130e-04
1.746459809577708972e-04
1.756023924373490731e-04
1.743141429438543292e-04
1.741523272731479357e-04
1.738731705907917981e-04
1.727960443080594360e-04
1.722717272661448398e-04
1.722681661242456510e-04
1.706986961233553817e-04
1.715925016981231018e-04
1.710762187150781529e-04
1.701158521831311972e-04
1.704968237859523375e-04
1.698883652301117896e-04
1.688964694393628202e-04
1.685447121054553770e-04
1.680194994141750726e-04
1.680842105549478112e-04
1.675581827991278285e-04
1.671184415917646823e-04
1.670434009134508951e-04
1.665543872900645118e-04
1.655551635225021624e-04
1.656083573952229853e-04
1.651093826569566931e-04
1.645176515603332312e-04
1.644493747990723631e-04
1.647030981323337325e-04
1.638198295572727262e-04
1.636816261070198747e-04
1.632300213857122869e-04
1.627934807885523063e-04
1.632591286965246998e-04
1.615077546927231884e-04
1.613809510083020322e-04
1.622724754282688911e-04
1.610737136367679733e-04
1.603533654115364389e-04
1.602847804022851244e-04
1.604273465450415650e-04
1.587313662256737649e-04
1.589938711377222478e-04
1.587835447437806159e-04
1.580900045135513700e-04
1.582985646417744117e-04
1.583286568896665012e-04
1.568698249276875660e-04
1.570947037805770126e-04
1.570262649022074802e-04
1.565532093899075160e-04
1.557205017193913810e-04
1.563277985438558460e-04
1.553591968323805687e-04
1.543259867334430247e-04
1.555280179923303825e-04
1.540030922426677642e-04
1.540765660691938317e-04
1.537453291182998055e-04
1.529737328308070380e-04
1.536496326449486138e-04
1.526852747036141372e-04
1.520293219835648960e-04
1.523863779023030792e-04
1.518551961590301562e-04
1.514872952639319107e-04
1.516424363150982370e-04
1.509983468729705935e-04
1.505514357453416536e-04
1.496813643768289811e-04
1.493861888282598004e-04
1.488275471150668234e-04
1.490464975705771162e-04
1.484264855664532343e-04
1.484304925653196817e-04
1.478994986811178313e-04
1.480150850665220078e-04
1.482819308528942758e-04
1.473987817339201373e-04
1.464250828066921350e-04
1.469841523523072167e-04
1.465080474185626481e-04
1.460019877044803382e-04
1.460555514770224105e-04
1.450784611893297905e-04
1.451020573633559621e-04
1.452916484767635273e-04
1.445022238677153199e-04
1.443272265475563788e-04
1.438959854140247697e-04
1.435889175544111346e-04
1.430652707712671428e-04
1.428947401789574232e-04
1.424113912093241338e-04
1.425408090276950165e-04
1.425671531605515621e-04
1.410823079148437438e-04
1.412297262090340282e-04
1.409415127383811361e-04
1.408466701613415135e-04
1.408921533706150554e-04
1.402755504084587815e-04
1.402418169492409097e-04
1.399815320446467430e-04
1.395080399901487995e-04
1.390873328118457145e-04
1.388221190139183291e-04
1.388338525237585279e-04
1.378028629878579525e-04
1.372269880253241029e-04
1.372866140038923259e-04
1.374456398002495464e-04
1.366033719258840588e-04
1.369231791769281537e-04
1.360010714825632102e-04
1.367397717240461102e-04
1.368980539264928991e-04
1.362132545542599595e-04
1.355942546277158608e-04
1.349694463986733986e-04
1.342884000707814476e-04
1.339887065064344972e-04
1.340578274808792894e-04
1.341220719779064919e-04
1.339850664888468841e-04
1.333751005469214861e-04
1.327326669256638806e-04
1.337657493933548159e-04
1.323233788844817857e-04
1.328607725290267231e-04
1.319708015370778655e-04
1.316034018304853290e-04
1.316686761584055115e-04
1.316036058958140644e-04
1.312089288234541385e-04
1.308506048301040601e-04
1.296837016297785940e-04
1.297099015972151949e-04
1.300721776921075126e-04
1.296968228807289969e-04
1.293136129181911222e-04
1.290596764293362351e-04
1.297826161938879324e-04
1.290236989353605440e-04
1.280602273771215701e-04
1.273893890402573079e-04
1.281391838504527256e-04
1.282945771656735054e-04
1.278169750536700992e-04
1.274256820885208310e-04
1.270345101946005330e-04
1.272269854028122769e-04
1.261393176200065690e-04
1.265211876713023169e-04
1.259483567887405818e-04
1.249354676467707905e-04
1.257707166622700932e-04
1.251022621951016585e-04
1.252446982848164395e-04
1.246342243459376737e-04
1.242052963004751571e-04
1.240677490138574781e-04
1.241677404721969376e-04
1.237455070921119281e-04
1.239180970928869955e-04
1.235130934524860194e-04
1.231026121883946377e-04
1.231518609373376163e-04
1.224805847440296519e-04
1.227083870724813989e-04
1.225333153774930289e-04
1.227155168862540877e-04
1.217164559312923386e-04
1.212390490894708195e-04
1.207800878040160981e-04
1.208616467898841773e-04
1.205085333586225726e-04
1.198124024829408938e-04
1.199023225663849710e-04
1.196149398782415160e-04
1.197079001621997006e-04
1.193062524313334851e-04
1.191699293588279016e-04
1.190548241659636407e-04
1.193955170699209287e-04
1.182062871292216029e-04
1.181215779329381898e-04
1.173776334640283682e-04
1.178884992020819275e-04
1.184363579761846540e-04
1.179281600405705175e-04
1.173964521511031107e-04
1.179348963601470628e-04
1.166115735653407560e-04
1.167849333639270256e-04
1.164118954193642187e-04
1.161475554804416847e-04
1.160404241676878107e-04
1.158502350833894381e-04
1.158384834676798558e-04
1.151581147354855685e-04
1.149930734720917884e-04
1.150678016837506761e-04
1.146769436353793197e-04
1.145305223896013057e-04
1.144834463342178166e-04
1.138593638935370161e-04
1.135737297380984989e-04
1.140525529148272705e-04
1.126141646619539561e-04
1.130671334716339393e-04
1.130628528948590770e-04
1.127089620339799097e-04
1.131813876528972628e-04
1.121666104251265394e-04
1.123544128408296937e-04
1.116478926099596030e-04
1.116488905620402217e-04
1.115314136506360694e-04
1.114089955384209616e-04
1.112830980885878553e-04
1.110055969693974297e-04
1.102118385891833564e-04
1.107991919483909595e-04
1.100430640749176705e-04
1.099655091239859392e-04
1.096156100083469628e-04
1.096461735552680170e-04
1.097897561572850906e-04
1.088090207145279742e-04
1.093407465748618210e-04
1.088018662891926603e-04
1.086769951912688583e-04
1.083608796836657134e-04
1.084119167766905761e-04
1.083474705800148538e-04
1.076511374181552679e-04
1.075348718382916283e-04
1.077409363815065352e-04
1.071838513102397572e-04
1.070655640011210127e-04
1.067821302640068517e-04
1.062653532769630216e-04
1.066827649998127977e-04
1.064355587432694322e-04
1.064542950931509182e-04
1.054965747097143014e-04
1.060387288369558792e-04
1.047344215391179874e-04
1.052668239239234500e-04
1.051950385702114083e-04
1.046849600266991988e-04
1.045592136409633725e-04
1.047057831432836425e-04
1.048461232401811814e-04
1.038274625629397410e-04
1.043931326193004442e-04
1.040813964237751355e-04
1.040166335061277933e-04
1.035416086343853394e-04
1.035815977259458160e-04
1.030076526865667110e-04
1.021831398864687083e-04
1.026785087481868567e-04
1.027778342127389080e-04
1.021364606768905819e-04
1.019263712980591656e-04
1.017920997319768448e-04
1.019699122009843034e-04
1.011460204183321559e-04
1.014184926000015984e-04
1.012142815758448991e-04
1.007851806458593736e-04
1.008352784578086159e-04
1.011819538935339509e-04
1.003714619953804201e-04
1.004979920498829803e-04
9.964097651015084553e-05
9.947707057313901749e-05
9.980517252145104765e-05
9.917686489531789501e-05
9.942536319772362317e-05
9.905467906502596180e-05
9.888204649882816391e-05
9.900315792454994338e-05
9.928205882708938826e-05
9.816554331060930419e-05
9.852043215347955829e-05
9.758183818502556394e-05
9.766792147941105761e-05
9.791125778996085109e-05
9.797256952338574383e-05
9.744337203590015611e-05
9.742120229356923970e-05
9.713562101444437452e-05
9.618433850859847061e-05
9.697114412041643757e-05
9.676108945409962227e-05
9.680142304695606506e-05
9.614589691544166540e-05
9.608382139484110895e-05
9.513806430452398204e-05
9.606544178881457942e-05
9.571022789708662226e-05
9.549440989225657466e-05
9.560861513282417742e-05
9.499447081757019830e-05
9.515159004904415446e-05
9.435521868611167304e-05
9.411373166715395887e-05
9.458948336532862350e-05
9.401037921381286046e-05
9.414731020146690815e-05
9.332759088516562177e-05
9.415643425997572791e-05
9.352085707741530473e-05
9.364061961226822280e-05
9.303815402168967509e-05
9.328605109491975938e-05
9.264960480166754212e-05
9.248415454310887802e-05
9.341694581946470121e-05
9.285231307600591392e-05
9.257187874932606400e-05
9.266085062284455177e-05
9.180982953164076713e-05
9.200888460897518667e-05
9.156877286684299462e-05
9.254977469854390590e-05
9.096760413913142001e-05
9.081348384263574240e-05
9.126019142383339899e-05
9.120759937731058370e-05
9.148023236380060301e-05
9.043203468452598039e-05
9.091044923435256649e-05
9.056010872683260479e-05
9.016680836883438532e-05
9.018265396661223859e-05
9.004594506098856875e-05
8.942479420207368390e-05
8.967300953487639472e-05
8.911575732212038265e-05
9.005583079761835430e-05
8.922838913487348745e-05
8.881349544167834299e-05
8.937272970236680614e-05
8.892964383735947262e-05
8.864506422283396263e-05
8.806517871091964328e-05
8.837340699106907679e-05
8.827283892500911667e-05
8.804660713218301924e-05
8.768999813388387438e-05
8.767017879431735655e-05
8.718913527547248626e-05
8.764101286014937047e-05
8.719920132584227162e-05
8.728970843674393055e-05
8.700620042042884258e-05
8.656831145760241365e-05
8.716369119048259439e-05
8.715902647294366634e-05
8.618613525872852491e-05
8.690480386702605206e-05
8.728847691720289527e-05
8.635469090051779348e-05
8.593521386169512724e-05
8.588387684770164298e-05
8.547612175576668931e-05
8.586742989961858546e-05
8.526404024322815857e-05
8.475567840554632285e-05
8.504185138189497106e-05
8.412845565476153979e-05
8.462059872414814021e-05
8.436654433304838761e-05
8.433739605518216940e-05
8.365235892278296550e-05
8.400729632575170748e-05
8.388310591086648544e-05
8.362595188462392513e-05
8.399091020798774400e-05
8.365902213438905478e-05
8.335079382957758616e-05
8.345737361164803187e-05
8.306364962732955097e-05
8.319136573226819777e-05
8.293395050629976729e-05
8.310188935345341960e-05
8.271752650649416561e-05
8.255797491427164256e-05
8.221138321808296116e-05
8.211875345458298785e-05
8.230676841719580729e-05
8.185355716376217956e-05
8.166643399370527223e-05
8.207930523711848357e-05
8.108174867596697069e-05
8.176737520220634531e-05
8.156151023306966268e-05
8.108638943936063146e-05
8.065698218115424645e-05
8.106839562951918007e-05
8.090918879437310033e-05
8.136826986035129358e-05
8.010390579436802078e-05
7.978751834438011382e-05
7.964351743614474948e-05
8.067685005547215035e-05
7.963892438403421452e-05
7.984706587689142194e-05
7.956318667064791680e-05
8.028116196800199797e-05
7.926322686922424293e-05
7.946691938790037980e-05
7.953187030236781899e-05
7.918076889476035869e-05
7.893830033714436417e-05
7.902027505639519403e-05
7.869932156365078819e-05
7.920684755437306615e-05
7.849861709415446875e-05
7.840521040223910772e-05
7.797984123288869394e-05
7.805701231369036573e-05
7.766903363185736770e-05
7.723987068641555468e-05
7.813921931780448249e-05
7.764344363680262943e-05
7.795302651958995409e-05
7.748214890691623117e-05
7.722440286845225319e-05
7.708820490032236756e-05
7.651939610048021881e-05
7.707021357451539223e-05
7.691292060991102865e-05
7.688659430893685673e-05
7.689622344905144770e-05
7.642839426877574317e-05
7.674892158887425622e-05
7.619322812156220192e-05
7.610506272895412874e-05
7.578273228165606262e-05
7.552186545520459655e-05
7.585759952991342819e-05
7.573089477595905015e-05
7.555521198753033067e-05
7.585521227979223949e-05
7.484849819458860918e-05
7.567130503185882213e-05
7.513212309030158087e-05
7.531728111174509877e-05
7.516386650772402447e-05
7.520548112980562894e-05
7.481929897529799949e-05
7.428333300263815294e-05
7.378280527481455569e-05
7.399856291802194778e-05
7.360378173156802096e-05
7.363129246655818758e-05
7.405219309781704840e-05
7.456267721103213366e-05
7.381900211327347002e-05
7.380321722049699941e-05
7.362620161020836209e-05
7.338339193602398528e-05
7.301804798240760935e-05
7.393269209614167768e-05
7.301490759012028899e-05
7.256269651355915038e-05
7.285730159694190299e-05
7.261834164014389741e-05
7.276821017667514148e-05
7.211550100402459949e-05
7.220481182847516047e-05
7.180124204811025963e-05
7.254699364865893824e-05
7.154174128246809183e-05
7.211162542393455310e-05
7.166390760552301281e-05
7.105553199158929332e-05
7.139951661392078975e-05
7.152128141226886252e-05
7.145079436343795875e-05
7.101067814177389539e-05
7.079702379452859650e-05
7.125487728195260069e-05
7.189392459657073108e-05
7.118248203984095599e-05
7.051683176745268428e-05
7.034797836234932885e-05
7.050955921920789952e-05
7.051962634540821740e-05
6.963215242057827479e-05
6.990886212840448258e-05
6.976632767936698037e-05
6.996059857782303739e-05
6.994284087518975220e-05
6.996223789693594786e-05
6.895441846520159509e-05
6.993538836204598664e-05
6.930674448740411532e-05
6.921277333283978254e-05
6.916002756532354048e-05
6.935845630992407303e-05
6.956446988471295348e-05
6.904046071176585947e-05
6.848766274072775868e-05
6.825942754098704099e-05
6.814742632581510112e-05
6.835339498060275052e-05
6.857337233422438792e-05
6.836918287038912863e-05
6.819399333288318136e-05
6.849914790303959723e-05
6.799765237969051786e-05
6.807408255872983047e-05
6.783751854746106820e-05
6.777101727282325294e-05
6.803638459466032856e-05
6.778360454369293585e-05
6.738158804119991898e-05
6.749812692365783249e-05
6.687942475562214876e-05
6.739374801553728409e-05
6.730831426689392097e-05
6.737454895824811717e-05
6.701664301191612963e-05
6.629597589349654839e-05
6.667756302569075207e-05
6.669230596956541657e-05
6.599610018140316780e-05
6.684532607851656569e-05
6.683012423324471291e-05
6.604313268652022288e-05
6.598266906324249141e-05
6.576536610568059341e-05
6.575804917200540542e-05
6.540890564918945278e-05
6.544963686720445695e-05
6.521635590398660047e-05
6.536290732980017549e-05
6.534438759865323601e-05
6.534716537791997279e-05
6.500617770532137211e-05
6.532624191382564586e-05
6.527378267529073135e-05
6.494745541230362567e-05
6.503157424542969868e-05
6.461002726941588500e-05
6.428205376598563356e-05
6.462511434971375155e-05
6.456425122003904820e-05
6.411849142723012509e-05
6.452873009623452997e-05
6.392909469853749499e-05
6.382252969768634795e-05
6.403638228562101391e-05
6.427339078578427902e-05
6.400680178017355477e-05
6.365496140225477390e-05
6.374200730794106387e-05
6.309799695823605436e-05
6.315107787388123161e-05
6.347964995359870637e-05
6.315020246695673728e-05
6.305969006916677382e-05
6.266751642848089957e-05
6.280609903343552670e-05
6.290840530827042712e-05
6.256658506880081756e-05
6.288700625846857940e-05
6.273120345841568955e-05
6.316872582088444950e-05
6.268765400662755884e-05
6.239859502235401486e-05
6.203825482804819396e-05
6.201557242036358632e-05
6.198252933124505902e-05
6.162469900048385602e-05
6.175451921260591184e-05
6.166793026486351798e-05
6.118356315172445846e-05
6.177399893650379367e-05
6.154377583360263354e-05
6.173873748569368625e-05
6.133872717782865491e-05
6.116816437581441368e-05
6.139224911854626458e-05
6.103025082837987975e-05
6.110242429153843913e-05
6.141955735640328813e-05
6.113684865837510664e-05
6.120082057495695213e-05
6.106697343302564776e-05
6.065587587582298867e-05
6.070838679823503838e-05
5.968067176990462077e-05
6.018012478720993991e-05
6.046257741532832456e-05
6.002766805935771119e-05
6.035753791270242292e-05
6.036791696152265591e-05
6.016542910541357992e-05
6.005540060639881619e-05
5.898236059929377764e-05
5.931510080959589753e-05
5.982421614377460609e-05
5.961480868183672047e-05
5.923953347323254851e-05
5.876213748994286979e-05
5.949690458522854171e-05
5.905780793488387884e-05
5.880201524571054773e-05
5.927958654990027673e-05
5.936707025710100902e-05
5.892477754969013462e-05
5.893251212643056171e-05
5.851845988565990619e-05
5.879552247974349977e-05
5.849149300726545032e-05
5.848891470828289927e-05
5.803338284868250985e-05
5.812068541023448169e-05
5.812118465646316307e-05
5.821550803570511580e-05
5.850924866238490466e-05
5.784758624470134707e-05
5.801070167008054733e-05
5.767643014495763156e-05
5.726491421715066489e-05
5.781902986762567603e-05
5.806282957379275804e-05
5.735402360033006432e-05
5.720175159104030980e-05
5.776827571126961076e-05
5.721846976893347000e-05
5.734743770312597337e-05
5.718847805900855320e-05
5.711919241711661626e-05
5.682164648381884037e-05
5.667837565464847586e-05
5.645857919273280384e-05
5.692650395699765055e-05
5.652090351296134809e-05
5.677028033187569398e-05
5.673208861928119595e-05
5.604653447740471565e-05
5.593728999108368047e-05
5.646826886345431592e-05
5.667756758203029119e-05
5.604545169652935826e-05
5.562847703924484046e-05
5.553795013175306022e-05
5.612550446970690228e-05
5.544661719833861779e-05
5.584294643817785443e-05
5.606869015471710693e-05
5.516279061325205619e-05
5.592201529223216587e-05
5.513260374259891061e-05
5.517038687085616010e-05
5.501683502346373480e-05
5.498991238729073757e-05
5.512877079784864870e-05
5.468320386373191048e-05
5.515844270813999995e-05
5.439603378475192506e-05
5.521651431144395934e-05
5.530906401718746089e-05
5.456838043179830386e-05
5.482580841634634110e-05
5.452862253813521549e-05
5.519249914040151941e-05
5.476888880287193305e-05
5.424825525799112185e-05
5.415858812981703588e-05
5.446873999756047586e-05
5.451336860680329509e-05
5.414578630819721460e-05
5.406338116115989308e-05
5.395053105543543600e-05
5.380749067152875266e-05
5.424907587415440723e-05
5.341180953587199958e-05
5.311082667476574212e-05
5.346621889746165928e-05
5.365502425813315455e-05
5.351126832643025811e-05
5.335278433809576714e-05
5.261873633508953738e-05
5.341470716661313021e-05
5.306881251517269794e-05
5.298711752336294828e-05
5.319454216805362227e-05
5.296678269358632868e-05
5.255943436465994540e-05
5.298068222491113033e-05
5.293633735144214663e-05
5.313429016583596251e-05
5.280925432273397640e-05
5.252550778221246649e-05
5.290739057574778988e-05
5.233877966266380907e-05
5.240987524300064665e-05
5.237221612906443988e-05
5.218805130813296311e-05
5.182534838853371944e-05
5.215252452772933405e-05
5.205267060138389407e-05
5.179499438612929809e-05
5.195058998150697658e-05
5.160146622969117539e-05
5.216365788019266663e-05
5.204746185629170106e-05
5.215113377908149741e-05
5.161025864406126911e-05
5.121224521353304914e-05
5.129741939663785475e-05
5.157040440073452068e-05
5.133270194854463509e-05
5.127889245683276570e-05
5.109042764503468669e-05
5.122813734966175282e-05
5.124418556176176995e-05
5.093360289002937151e-05
5.083615970966254733e-05
5.072631773252854893e-05
5.069525757724732722e-05
5.061509367880635954e-05
5.029076548601870339e-05
5.084962865911260799e-05
5.037631253309810209e-05
5.034732729871918479e-05
5.049929303786309813e-05
5.046791618953191152e-05
5.050235522324921764e-05
5.012101837898380379e-05
5.039299408746060423e-05
4.995678826615429594e-05
4.994253406737452324e-05
4.966030426618704306e-05
5.024811768381268402e-05
4.978677492407730025e-05
4.967898691488617312e-05
4.954687998345946946e-05
4.959036292096554870e-05
4.952234465831460854e-05
4.895341280979785737e-05
4.927919016820077374e-05
4.977789456307900253e-05
4.990215755604618310e-05
4.895035437850735758e-05
4.903038903970415502e-05
4.882038002915787894e-05
4.880911258278889606e-05
4.867561959893496135e-05
4.867291481529992627e-05
4.949285626696287873e-05
4.879103766269456501e-05
4.875392204096291421e-05
4.845166856612410081e-05
4.875484941829627414e-05
4.864585437546881639e-05
4.827255646340299311e-05
4.846403528792459604e-05
4.839298376163269602e-05
4.832122809560543956e-05
4.807421281899548662e-05
4.805763302821492063e-05
4.805705379549805579e-05
4.810614319820157042e-05
4.814198096902271988e-05
4.783364362890713673e-05
4.784263600982599567e-05
4.796621504937528113e-05
4.831577436411420008e-05
4.772349351898364509e-05
4.788391898239762812e-05
4.732605805453465018e-05
4.788498037995879203e-05
4.772832916341589920e-05
4.780539352602077789e-05
4.733340177433097021e-05
4.766071672349725055e-05
4.708069737886413892e-05
4.736871801954143149e-05
4.738165600924108237e-05
4.715609126341197569e-05
4.673186005235405903e-05
4.687554538301630321e-05
4.705830558091791949e-05
4.675968027389685591e-05
4.680995360753028060e-05
4.654995853678878525e-05
4.704811156417566386e-05
4.633256737807144900e-05
4.636919405559646447e-05
4.706779651568520430e-05
4.644141125734806640e-05
4.630829797749314161e-05
4.653471371600183167e-05
4.598501631893095557e-05
4.603648915687892678e-05
4.609373624560365472e-05
4.600916353801206383e-05
4.618591458100008437e-05
4.609764419273252591e-05
4.559783859406986065e-05
4.576457609651817096e-05
4.541055836519155382e-05
4.636739484679647889e-05
4.589198669862042389e-05
4.588362727084862686e-05
4.582615816774407745e-05
4.540592780484767641e-05
4.515167490623747952e-05
4.538544325892216141e-05
4.583383872890138761e-05
4.562631834025515062e-05
4.545887564907000167e-05
4.529204168476840225e-05
4.540659501134594492e-05
4.519968360305477695e-05
4.518799524802782306e-05
4.511175357382920782e-05
4.458024869228983489e-05
4.447357701308076805e-05
4.457062459426928519e-05
4.495622926828984689e-05
4.458024600841211087e-05
4.453461296996121763e-05
4.470636020228480349e-05
4.437046720733568250e-05
4.496727450977293654e-05
4.453829910695297057e-05
4.465639196161765034e-05
4.458460559825838844e-05
4.433439888400624181e-05
4.440323034610891499e-05
4.401621316406761480e-05
4.401926942317120508e-05
4.389844421603104375e-05
4.385760000368627893e-05
4.410651211635651086e-05
4.381811549107317283e-05
4.376482305046440127e-05
4.375991718683629888e-05
4.380754484950965529e-05
4.361703314226204604e-05
4.338700975493377530e-05
4.389665195597730374e-05
4.356402366660479345e-05
4.371771580497074553e-05
4.325626836366579676e-05
4.334463268627863593e-05
4.334041457209425279e-05
4.335045450081729526e-05
4.317633824066674546e-05
4.375813155980244363e-05
4.321672991251820461e-05
4.334853950224029862e-05
4.287794310495840293e-05
4.317954490612602723e-05
4.296692794379010095e-05
4.313175129815848268e-05
4.251433885134876762e-05
4.274211492737048194e-05
4.262609339237984323e-05
4.298290582358263521e-05
4.331327924216127833e-05
4.263483928854337317e-05
4.237562425047967745e-05
4.240803496705321046e-05
4.232295416601722642e-05
4.281534776570778772e-05
4.218952324334456579e-05
4.205030191959464365e-05
4.250052680488567390e-05
4.257855549011188052e-05
4.201839104026139311e-05
4.256034532070012761e-05
4.223305491704927486e-05
4.191553042965800205e-05
4.183322480315889390e-05
4.216611353723759747e-05
4.147596172615929989e-05
4.193488844976784523e-05
4.202220248778683770e-05
4.185822785753051694e-05
4.165025386385325443e-05
4.160113708190933798e-05
4.192951999552339734e-05
4.183661996680549023e-05
4.122845336295888119e-05
4.163079840516882091e-05
4.133634226763673692e-05
4.153515257792058871e-05
4.134428514730767147e-05
4.141580254491114473e-05
4.115685372077674067e-05
4.171728206358788003e-05
4.110119197779913455e-05
4.102286142753761331e-05
4.115287966392927892e-05
4.102641857173799656e-05
4.117383046290422815e-05
4.094942059094620949e-05
4.089276756977722942e-05
4.068557782969155293e-05
4.117804259189621454e-05
4.079065206333371495e-05
4.080804142968980401e-05
4.038464157302436015e-05
4.064103259268681565e-05
4.054299894279089859e-05
4.083601664383222716e-05
4.039571319099712629e-05
4.030077115974340664e-05
4.006674093614499073e-05
4.057042655064622380e-05
4.027352814933545579e-05
4.026917276681523479e-05
3.988196315741982721e-05
3.992615432058753525e-05
3.992563192836001695e-05
4.008577270420159475e-05
3.998743383090337959e-05
3.976204304050878226e-05
4.050947683822870047e-05
4.010902156825348172e-05
3.975376200953519370e-05
3.971256762052022282e-05
3.950986599283150556e-05
3.921595942335630964e-05
3.957265120409904038e-05
3.934774823794369187e-05
3.946890141243466728e-05
3.941836241213980262e-05
3.915290003025032056e-05
3.930965022774809514e-05
3.917863601786220003e-05
3.967996824455922045e-05
3.953740053803767805e-05
3.911836534866978179e-05
3.922419202328032218e-05
3.896252809797385647e-05
3.934182060611677830e-05
3.911618299785017970e-05
3.880539641537673965e-05
3.888884124443880579e-05
3.855027095326604459e-05
3.893503791376062427e-05
3.882777913263314571e-05
3.860211705796108301e-05
3.895125837116713988e-05
3.875386277539205707e-05
3.893933351613279619e-05
3.879994723375272415e-05
3.873256332576229303e-05
3.830012439464724122e-05
3.854909330644156590e-05
3.853652618672759046e-05
3.860637195144917628e-05
3.857850372095169146e-05
3.828641364501753628e-05
3.846300747461318731e-05
3.838976435214216845e-05
3.829068641053830685e-05
3.832857271460463246e-05
3.794099172463311206e-05
3.820569669980990152e-05
3.829391164613855800e-05
3.776695413253046825e-05
3.791547943059359212e-05
3.740529073684475383e-05
3.778414206810934114e-05
3.770577774130234199e-05
3.785807314326659239e-05
3.763960033943944584e-05
3.786997514173740431e-05
3.743483896863023251e-05
3.733825052337405294e-05
3.765536054652715450e-05
3.756767937826988317e-05
3.744307339080487452e-05
3.750502046770514124e-05
3.752679888919396725e-05
3.699560699370294816e-05
3.728954967164483140e-05
3.735815326262114462e-05
3.749316909559362169e-05
3.754167212088596400e-05
3.698885975009346408e-05
3.716534300300904629e-05
3.743737475669763959e-05
3.676267787246895700e-05
3.695279865914182632e-05
3.710964818049015707e-05
3.704032949077613895e-05
3.701291779292212357e-05
3.659562942889565300e-05
3.656449364540995383e-05
3.671418287161657323e-05
3.663389937863753641e-05
3.635723640991104074e-05
3.661512206754978792e-05
3.689946074736248405e-05
3.652707511512340858e-05
3.646425366367893095e-05
3.665559712898284361e-05
3.654199018370981423e-05
3.679878449378925462e-05
3.666168828816729228e-05
3.643814663907100215e-05
3.680576028880769079e-05
3.633802560004701515e-05
3.637676282000931293e-05
3.679312145478649322e-05
3.630675155555195796e-05
3.573125696616786113e-05
3.590445957677624618e-05
3.600506161602906331e-05
3.632945820622888382e-05
3.614771566732032554e-05
3.591727843526716077e-05
3.616803223084802589e-05
3.614236315477444109e-05
3.611374381854799882e-05
3.547895637355353383e-05
3.579131441298978768e-05
3.541943936242453579e-05
3.594557590049474817e-05
3.555330444530405994e-05
3.554215553263452766e-05
3.561192907380754028e-05
3.570069866878801938e-05
3.566088039341541092e-05
3.569234091586924798e-05
3.520057658671460710e-05
3.540478652433916306e-05
3.571800861190720707e-05
3.541154333343320745e-05
3.534159015528812897e-05
3.509180943727642862e-05
3.499481077070086538e-05
3.544486816456776386e-05
3.503421201566318105e-05
3.485994112101190436e-05
3.505313564386993385e-05
3.505608065553427144e-05
3.510530866740346230e-05
3.508655531027508786e-05
3.480143430875493564e-05
3.491416669293277735e-05
3.470356645405337805e-05
3.468387124600845695e-05
3.436336209585324315e-05
3.481180988087454500e-05
3.468930739005517485e-05
3.461390839322193297e-05
3.445024239300743021e-05
3.470702103507690390e-05
3.478813633217544079e-05
3.426767707800972289e-05
3.452531203626355987e-05
3.446884250306099816e-05
3.488403884641263862e-05
3.404959156973023926e-05
3.445500044844353649e-05
3.450885779248528577e-05
3.431524904955442971e-05
3.406866200055662668e-05
3.448537844610117061e-05
3.394107080166686272e-05
3.404149148255273676e-05
3.417166677261546884e-05
3.372157136097315305e-05
3.391517696804831182e-05
3.380861332953210581e-05
3.375843269312106315e-05
3.393106797491603091e-05
3.388311834405645189e-05
3.384478596729980515e-05
3.417451026001049546e-05
3.394906951142667419e-05
3.365688884693047669e-05
3.374505826739006818e-05
3.358493785009697592e-05
3.342050803568891144e-05
3.386838317053933272e-05
3.332070388353412029e-05
3.365730175141165180e-05
3.344815394908990823e-05
3.356410529378572709e-05
3.382317822491248043e-05
3.329350235215007293e-05
3.337470506972349451e-05
3.316871158027855169e-05
3.349623148956115486e-05
3.352625247021178036e-05
3.313425943213945204e-05
3.273057632364512513e-05
3.327830975768845490e-05
3.301744592123620790e-05
3.276070158944770281e-05
3.316088904144494891e-05
3.340347955519121692e-05
3.315340921421284820e-05
3.305424000262550618e-05
3.302194281377046956e-05
3.276433766888352960e-05
3.287843257028709795e-05
3.300870498123203512e-05
3.292142683295416604e-05
3.297020319863495181e-05
3.267813204025731667e-05
3.308902462538370357e-05
3.245894732558483203e-05
3.245693743809609135e-05
3.252701429487974197e-05
3.269482102363309493e-05
3.290608381681640898e-05
3.269371554328110758e-05
3.232422367143128169e-05
3.270734884737029917e-05
3.290057752080021184e-05
3.238155523452848687e-05
3.259136043434275235e-05
3.273202959511915897e-05
3.231894877187193048e-05
3.221520052453362578e-05
3.213439233287358732e-05
3.176668676136923608e-05
3.217543765310529422e-05
3.211996825063843475e-05
3.230512853830754417e-05
3.230336131285737862e-05
3.243210852954144359e-05
3.220852399410904917e-05
3.171541868648031920e-05
3.184152440312371053e-05
3.206353130770230964e-05
3.203243500920795037e-05
3.206963546927420764e-05
3.184883005051497259e-05
3.214586872863093371e-05
3.187030645174535959e-05
3.192385809635882673e-05
3.187275542162778776e-05
3.187996428801232493e-05
3.142299314702250515e-05
3.128724484099735766e-05
3.149167211115590204e-05
3.131730417048709527e-05
3.168325626078639609e-05
3.160674671328456375e-05
3.139781161140942458e-05
3.160848372276546270e-05
3.168288925300327739e-05
3.160098592069109173e-05
3.152128372888051734e-05
3.141101215390800828e-05
3.144924220927345406e-05
3.141164257687838624e-05
3.117151987023678798e-05
3.127059966308460019e-05
3.130463960408747751e-05
3.130265292005913016e-05
3.111559135453214470e-05
3.106205010826283702e-05
3.093694049718987603e-05
3.102443927500734639e-05
3.095585829542481536e-05
3.088348337247798518e-05
3.075423299520186466e-05
3.068243176233333982e-05
3.083560537863064635e-05
3.071537656662307129e-05
3.071813050213471950e-05
3.078803626733209810e-05
3.086224289035160024e-05
3.103725687182032437e-05
3.085806941071107400e-05
3.073474321489585688e-05
3.042821611487072712e-05
3.087844927277901859e-05
3.078096068446586371e-05
3.063760558499936112e-05
3.054736924925490155e-05
3.053549498265859175e-05
3.004813277506672959e-05
3.054194669902856858e-05
3.030284412374171951e-05
3.024795637682913097e-05
3.003873657373707162e-05
3.020790190689223232e-05
3.028460900238466472e-05
3.032316503632874732e-05
2.995784404508178370e-05
3.032694924399118453e-05
3.017852350173425940e-05
2.997383993261849210e-05
2.983461341436315049e-05
3.011502972296640330e-05
2.972798633141180739e-05
3.009721334285043879e-05
3.008594611111419390e-05
2.995923072097559463e-05
3.035810348590605904e-05
2.977632450671575682e-05
2.982006267550663283e-05
3.010824230834407468e-05
2.987657624348250286e-05
2.963044001675414519e-05
2.956289220539118427e-05
2.981881236408983401e-05
2.960514844430288931e-05
2.963287258523296502e-05
2.972151071616442293e-05
2.984475007291875827e-05
2.980167670891800864e-05
2.967744623492657742e-05
2.983511731049318612e-05
2.935384515195252672e-05
2.948239971672897457e-05
2.971359894135922145e-05
2.950599329766491049e-05
2.935776600019226532e-05
2.941149806622967122e-05
2.941015057771846080e-05
2.931754645035389696e-05
2.954616939925061987e-05
2.908494260022455641e-05
2.970782556895339147e-05
2.934947297516353397e-05
2.961437671220802279e-05
2.923135486255859719e-05
2.895164478646958952e-05
2.923146932215421069e-05
2.919205237448836343e-05
2.898964581713818061e-05
2.899774842732668177e-05
2.906032335376733535e-05
2.901478941731601153e-05
2.913660088081741355e-05
2.896375760948638014e-05
2.872195851827207981e-05
2.891203765994374700e-05
2.856559359686873287e-05
2.877964995403115077e-05
2.909817478067703759e-05
2.864998561999602578e-05
2.844560362473611529e-05
2.870298079619080909e-05
2.877546527734992389e-05
2.855646617903772718e-05
2.852691730330050884e-05
2.868247605829069621e-05
2.873463986190359420e-05
2.852786113287183417e-05
2.835181925389301035e-05
2.868341117072926251e-05
2.818104884767474888e-05
2.847664351933206341e-05
2.850535199506218608e-05
2.872005536433441366e-05
2.833544590977907400e-05
2.884864655545245262e-05
2.839556197714377718e-05
2.826075292165775360e-05
2.882751408294382061e-05
2.839798330317607183e-05
2.838706457866602424e-05
2.806110575333954136e-05
2.824661547388006936e-05
2.806346378657874081e-05
2.802781020050463187e-05
2.801859071490477826e-05
2.833248986626590109e-05
2.774571469275487375e-05
2.820758950263283797e-05
2.803490697926828317e-05
2.803016446073022539e-05
2.815446575493716957e-05
2.770364312761836584e-05
2.779278530382313714e-05
2.805056585409850613e-05
2.750537370865757797e-05
2.793162066978587872e-05
2.780502041173716959e-05
2.793018008437797407e-05
2.757765640845157411e-05
2.801207622133029530e-05
2.765016365375845379e-05
2.765212362091247264e-05
2.754735954402206995e-05
2.788583548659283421e-05
2.761571100429155068e-05
2.767056461331258321e-05
2.740405615515394930e-05
2.746201024292221847e-05
2.753637017742475995e-05
2.751031800461413313e-05
2.750609982197002303e-05
2.783968668674874898e-05
2.720279034653642444e-05
2.748572671747714842e-05
2.704980591032901240e-05
2.758263334725890995e-05
2.745317777722515424e-05
2.698150513080446161e-05
2.772958643388413790e-05
2.725476503084514482e-05
2.722374502930523393e-05
2.726304297305367694e-05
2.706019189310942294e-05
2.712016745587725357e-05
2.710797026202073476e-05
2.707016631441197313e-05
2.715416150916009517e-05
2.714983753386656062e-05
2.717830997254300451e-05
2.715702769635605017e-05
2.727486175533017071e-05
2.719020093263344230e-05
2.723970062827386736e-05
2.703339248719165283e-05
2.720809715958338884e-05
2.683085705021405105e-05
2.644814630320892239e-05
2.676056062632870062e-05
2.697178732211109791e-05
2.666697307470506024e-05
2.671544191414742381e-05
2.681296607050418252e-05
2.704916201604605784e-05
2.704355862543633958e-05
2.678834293783320601e-05
2.637859515101376856e-05
2.664479925398631225e-05
2.669814829495411007e-05
2.642254767398846828e-05
2.652096324986671105e-05
2.615911418728186449e-05
2.685127691199592831e-05
2.638554850948390202e-05
2.658740041317328207e-05
2.623687551619147097e-05
2.670315552610280462e-05
2.636701101098917191e-05
2.628714420368082031e-05
2.636817193242056674e-05
2.611241276158628665e-05
2.629088690145379531e-05
2.625416560668670919e-05
2.622345867646466805e-05
2.641598026454560567e-05
2.626840097480907430e-05
2.621667574883569348e-05
2.582549269045029782e-05
2.616934751289086932e-05
2.632378152638672260e-05
2.615590509250323328e-05
2.611470838403155616e-05
2.587117587778282044e-05
2.578979064617571034e-05
2.594458967218871002e-05
2.606206317517490874e-05
2.629838021644688683e-05
2.610755859049825067e-05
2.571189018792650362e-05
2.565518454035047328e-05
2.582800137331228547e-05
2.587301592338495671e-05
2.579005503662117388e-05
2.533901485835436332e-05
2.581928423514835184e-05
2.590030010455013050e-05
2.562119623649976459e-05
2.577405163555836863e-05
2.571436691701577088e-05
2.570938030586711429e-05
2.571085453365313430e-05
2.566227760013995693e-05
2.593915234320098165e-05
2.574148485502941974e-05
2.537734927384299982e-05
2.531673563124900352e-05
2.565371564862607988e-05
2.571789683442767289e-05
2.570239381367813212e-05
2.583014885835342728e-05
2.597328731382491271e-05
2.529080769483626920e-05
2.547354187372345157e-05
2.526850445734301357e-05
2.519463546381105749e-05
2.529551269442493694e-05
2.547588944018033005e-05
2.553467054641400446e-05
2.511684468123362058e-05
2.550463322908902219e-05
2.530999026615795129e-05
2.517722789505358688e-05
2.510313220081119770e-05
2.527342566647433153e-05
2.505639444165165886e-05
2.502305223230410824e-05
2.532756457258292490e-05
2.483779431810606754e-05
2.495691230688996845e-05
2.539796537013008830e-05
2.513632934512325033e-05
2.496128122545350839e-05
2.496518863967652377e-05
2.501740290119305808e-05
2.484233806824375550e-05
2.461279198511451811e-05
2.485318473892076952e-05
2.491010226272478121e-05
2.486675698771751358e-05
2.458370674111819878e-05
2.457054568444273795e-05
2.488121995107601015e-05
2.478383355305242779e-05
2.480792506737950092e-05
2.471189302082598945e-05
2.473998059795710414e-05
2.429060162521772586e-05
2.450367410193983862e-05
2.479621336637232801e-05
2.447841847053638234e-05
2.475270981977742158e-05
2.448327400906747964e-05
2.450951896126758384e-05
2.443878246710665727e-05
2.436268476534612584e-05
2.451350081308598940e-05
2.424419461109817868e-05
2.474306706077240834e-05
2.430243804067135785e-05
2.437773069822784313e-05
2.436802893537278589e-05
2.453524691259077422e-05
2.439966203241409308e-05
2.427115072102029839e-05
2.453161405582801510e-05
2.439776467758607997e-05
2.444774354519472909e-05
2.404066907439595774e-05
2.420751445902205498e-05
2.401588143100657889e-05
2.403037122075587497e-05
2.411201061505761919e-05
2.394424959305818949e-05
2.443603590248887217e-05
2.402096809196085431e-05
2.418585733607893012e-05
2.389968068175692703e-05
2.373332334822117199e-05
2.366140291830598467e-05
2.396455929770801039e-05
2.408238874912451615e-05
2.401643523195968297e-05
2.367020981962842996e-05
2.341988556609035847e-05
2.411144172385125617e-05
2.391072806420634886e-05
2.367750555781673419e-05
2.416506941435405247e-05
2.376901606921333492e-05
2.364691304524638358e-05
2.374003962425283963e-05
2.370713549182048321e-05
2.392531037325849890e-05
2.352959308823209837e-05
2.387815755383609098e-05
2.318132940060690272e-05
2.352685494711989598e-05
2.347782335761367182e-05
2.346090027770212442e-05
2.347806553302878637e-05
2.361695504325775030e-05
2.361480018245657836e-05
2.343567136248380660e-05
2.378410825234055439e-05
2.320747324804822549e-05
2.320769780679429121e-05
2.359412452506965649e-05
2.342894941586701324e-05
2.353638367522439327e-05
2.337584309665893608e-05
2.369526657795824768e-05
2.379234410068563371e-05
2.369919599459881725e-05
2.301804691722169005e-05
2.334445802055397441e-05
2.320081677705271853e-05
2.312439881509039587e-05
2.329906534019727767e-05
2.311000657193695485e-05
2.317684815540538832e-05
2.324293101893482063e-05
2.325255446927667214e-05
2.297993214452796550e-05
2.313834940270012978e-05
2.298151693480978290e-05
2.352521731544655821e-05
2.308896787488782401e-05
2.297561965937754391e-05
2.310553712822650265e-05
2.329587160839281104e-05
2.284090811320420040e-05
2.299770192690131807e-05
2.257414277461319165e-05
2.329851063135087908e-05
2.324496417431526064e-05
2.289082107203126702e-05
2.311349550956895752e-05
2.296629283994843019e-05
2.279110057229904006e-05
2.270500757046604390e-05
2.284042607650874581e-05
2.272613813816620824e-05
2.276711701356004959e-05
2.287424357766709466e-05
2.280789919524823267e-05
2.269781272205451754e-05
2.269465044923461446e-05
2.247997139196015844e-05
2.283170177204276198e-05
2.288450834366736826e-05
2.284002288449399413e-05
2.251440034456825867e-05
2.248240883932310630e-05
2.245337961148477038e-05
2.252971970459119845e-05
2.268493541737473193e-05
2.286369682436879017e-05
2.281640252199846965e-05
2.249136923963895447e-05
2.246645410889040520e-05
2.224662459729073467e-05
2.280927136073414692e-05
2.245822642997112795e-05
2.223074077006879592e-05
2.232546916533403487e-05
2.244195868842075058e-05
2.257163423904111945e-05
2.230333791022359220e-05
2.227278811936511123e-05
2.223856641917880891e-05
2.220806980999227802e-05
2.206021831111805624e-05
2.245503166245501088e-05
2.222634353110576367e-05
2.225063950691506324e-05
2.215374387435657872e-05
2.189248843359386994e-05
2.228022881531369501e-05
2.245355494998023608e-05
2.226946735440997658e-05
2.235750038730833657e-05
2.212254987449461030e-05
2.221283090418916240e-05
2.231568341131333160e-05
2.227519397623204886e-05
2.182420945770660090e-05
2.197345038701322504e-05
2.202644941025063368e-05
2.179605864226774468e-05
2.223860682347315331e-05
2.210451411350511172e-05
2.154929038318284480e-05
2.217238724076819957e-05
2.192063940287996413e-05
2.166531760818108150e-05
2.180625292452835780e-05
2.175701194964049779e-05
2.190668634067155550e-05
2.194388689011433734e-05
2.204936875698022795e-05
2.169330275044073869e-05
2.185319333309564919e-05
2.175302849266122648e-05
2.194593606653812552e-05
2.169078353035916578e-05
2.172656618759716068e-05
2.159248670287530753e-05
2.153637090359669339e-05
2.165191122618783466e-05
2.177635316489087233e-05
2.109059401504468197e-05
2.160946559672602887e-05
2.181867300962305438e-05
2.171739918698725673e-05
2.160681178322767783e-05
2.150578163383830657e-05
2.165592414352281040e-05
2.158054877034262735e-05
2.139341504615238437e-05
2.178433176010668800e-05
2.172615828201266113e-05
2.131831059432843256e-05
2.147902480745777682e-05
2.116334964521987861e-05
2.160173076022379540e-05
2.137363070360233773e-05
2.159144895757400892e-05
2.167430275132371871e-05
2.147240128525818319e-05
2.163778140887973695e-05
2.121924627846571778e-05
2.131341749775953295e-05
2.137753681555203098e-05
2.133858180892405133e-05
2.117948086894507436e-05
2.116457096552257889e-05
2.128407881279744242e-05
2.095807405281387037e-05
2.105868874491995349e-05
2.122849252581425532e-05
2.100465538027605075e-05
2.120619661522644625e-05
2.119162841406231415e-05
2.096404481078069764e-05
2.104430254535312345e-05
2.110965942683913318e-05
2.102173232611909918e-05
2.151534068163351812e-05
2.082005477001952070e-05
2.092265030871397018e-05
2.063056889750204451e-05
2.130694373180675442e-05
2.107797183395932351e-05
2.062637199226223170e-05
2.100781656123298837e-05
2.070741758938833443e-05
2.103783861382210114e-05
2.087194082841863787e-05
2.103518056687340513e-05
2.088017626486222690e-05
2.079002181352559097e-05
2.075650605336215747e-05
2.069864619739288108e-05
2.086047977096874194e-05
2.081498848494591888e-05
2.061002651728907411e-05
2.093832031108197120e-05
2.092874172779521857e-05
2.093975573710092449e-05
2.059574343249964527e-05
2.100030972595649665e-05
2.092057698206909651e-05
2.098053762058056719e-05
2.077175366990017185e-05
2.069707508345270178e-05
2.078138732486064388e-05
2.037712826888907940e-05
2.029618480539699545e-05
2.027462565658827765e-05
2.066043700232235170e-05
2.051370339693113975e-05
2.074719026196080165e-05
2.066215647364792187e-05
2.081523478422863215e-05
2.017765895324162930e-05
2.022174777681783780e-05
2.027876145916659929e-05
2.038591857711035386e-05
2.036506663735972901e-05
2.063545388547706626e-05
2.059453144212145632e-05
2.033038786064537536e-05
2.012662064165411140e-05
2.016771225744149468e-05
2.027088889259380918e-05
2.020394042206617456e-05
2.027890506473850482e-05
2.037530456804731359e-05
2.040394728061811042e-05
2.008393609375707175e-05
2.041780813253128262e-05
2.039359453695320382e-05
2.014663565047563853e-05
2.034804161847781449e-05
2.021070492435852783e-05
2.025734871497933304e-05
2.021013417769230422e-05
2.041912729193124992e-05
2.006437304971581280e-05
2.005337516035543433e-05
1.986846644622028199e-05
2.008929251311310381e-05
2.021713393676578493e-05
2.010310058383999745e-05
2.030092611674130817e-05
1.985523588146301203e-05
1.985493465412269947e-05
1.988804325839889408e-05
2.032145096951379121e-05
1.997938100158005038e-05
1.975138994946060145e-05
1.987955683190684449e-05
2.019634075097020666e-05
1.966711463074213051e-05
1.968925481212772800e-05
1.991678055976380088e-05
1.989786044978132743e-05
1.982246651800340448e-05
1.965442023958779307e-05
1.984846323826031572e-05
2.001317145766761633e-05
1.982552478756355430e-05
1.986964142928897856e-05
1.994240574604597710e-05
1.952535061155582721e-05
1.983378952003262501e-05
1.952751732297305849e-05
1.968607212656301367e-05
1.958858448319902531e-05
1.937234612758990439e-05
1.965842112235982370e-05
1.944005501894243226e-05
1.959554678574786194e-05
1.987441901469572954e-05
1.935206153784740257e-05
1.950961796219173871e-05
1.968612628099287922e-05
1.988896586418279259e-05
1.952190590769563148e-05
1.970476810342747362e-05
1.959521556954118890e-05
1.940633217430253650e-05
1.943896565140961979e-05
1.943006901193941802e-05
1.940942702708612624e-05
1.923287451864533345e-05
1.933478143445518379e-05
1.925407961713155108e-05
1.940694354396207499e-05
1.955144842207866756e-05
1.962229493429986214e-05
1.943964915061696606e-05
1.958751076991578033e-05
1.939847055990991191e-05
1.938929694723732429e-05
1.957674528459673604e-05
1.928563030700894762e-05
1.920209738596933823e-05
1.925548421135050745e-05
1.921478707803779817e-05
1.930609405701713341e-05
1.925959522574659363e-05
1.919307697998856000e-05
1.913872136666621516e-05
1.951242201136795456e-05
1.928054270849902926e-05
1.915701279744904718e-05
1.911668631666261798e-05
1.909772353845069073e-05
1.880958585892630552e-05
1.917153574999080508e-05
1.933385659611124865e-05
1.926672372346791232e-05
1.911541876985363534e-05
1.889752498128112240e-05
1.932004164003864414e-05
1.900224486389747434e-05
1.933759629244127096e-05
1.900943530812452509e-05
1.906677274364126159e-05
1.912737168911292742e-05
1.879147030822938316e-05
1.900652977499124100e-05
1.903585665928882441e-05
1.895563453727005577e-05
1.896912346308099359e-05
1.880109355760845987e-05
1.912951188526826571e-05
1.883834948856922357e-05
1.906505792383679968e-05
1.911362771955919137e-05
1.880032905202419735e-05
1.866494190160028046e-05
1.894387467498117103e-05
1.898867554661103348e-05
1.843455988951264821e-05
1.862610596264086395e-05
1.870791406629862660e-05
1.862334393486769502e-05
1.872119266766281872e-05
1.900424767733742334e-05
1.883005128075049725e-05
1.867740072881925216e-05
1.862466278387603361e-05
1.843790072203705936e-05
1.870661104519777786e-05
1.861212271619692234e-05
1.905621892628712809e-05
1.862978458704970475e-05
1.839407371298993601e-05
1.862815144280626826e-05
1.852764533464260047e-05
1.857390519524833360e-05
1.882956846617127330e-05
1.848737308875981483e-05
1.850968729314230870e-05
1.835718968801798256e-05
1.865869602365110856e-05
1.845807606778242216e-05
1.852986225384641589e-05
1.858000638089652831e-05
1.828051534547957884e-05
1.861779508736453284e-05
1.857554952355858566e-05
1.826122090579802837e-05
1.838950502019828773e-05
1.835880780929560703e-05
1.843494740571541949e-05
1.817386666465654451e-05
1.850563295646783410e-05
1.835890212079813687e-05
1.820885434268422985e-05
1.816719915284792041e-05
1.848998461259946944e-05
1.854190447991131780e-05
1.822768071177517576e-05
1.841824762245545413e-05
1.859639454807459022e-05
1.844916724895169667e-05
1.832452966431167730e-05
1.811239661086581822e-05
1.820022424155418739e-05
1.833020995514887035e-05
1.815375423121904551e-05
1.848876027993841121e-05
1.854283138540285689e-05
1.797725880257812717e-05
1.815381161280005219e-05
1.825368860821391352e-05
1.801104237488153492e-05
1.831016802382200078e-05
1.814696114849423796e-05
1.814622531816010420e-05
1.794588929477381194e-05
1.810211304733152306e-05
1.793949828102049137e-05
1.780510570745872642e-05
1.797181028784109458e-05
1.778268031506810131e-05
1.775082806625432705e-05
1.797309346877872942e-05
1.780227777612000049e-05
1.781045924466133278e-05
1.787944209426157890e-05
1.805309687546997855e-05
1.793826711917955203e-05
1.761692942915643235e-05
1.786977784473730500e-05
1.811600574314130462e-05
1.795255647410808918e-05
1.787869849493279277e-05
1.785234268493678073e-05
1.765259721446425922e-05
1.804250075103926794e-05
1.783010299147812905e-05
1.771965832499715424e-05
1.778670961679584467e-05
1.786740038379613181e-05
1.769667688572250578e-05
1.788972947755968813e-05
1.774745168965210980e-05
1.759116265756499362e-05
1.765657395448522180e-05
1.770711185503556073e-05
1.761837844178901436e-05
1.788369030858185697e-05
1.758951118760290527e-05
1.750057624344864720e-05
1.767784454723781497e-05
1.747982897320531981e-05
1.754496876220828087e-05
1.743259278325389849e-05
1.776298605910272090e-05
1.773687875026055385e-05
1.713386963785792436e-05
1.755154855861006084e-05
1.755840378000656201e-05
1.734226912063044807e-05
1.766881241910597185e-05
1.741623665704103758e-05
1.755158714357963763e-05
1.743729571141001234e-05
1.718944937807557428e-05
1.725470772129941566e-05
1.761597944690148590e-05
1.725941106977788933e-05
1.726108584182883994e-05
1.744062741833397458e-05
1.750019418608493162e-05
1.716529121140378589e-05
1.715975863746634013e-05
1.733418999447361498e-05
1.715086160143374050e-05
1.745833342867605503e-05
1.723503674238832377e-05
1.751554285654172572e-05
1.750357322652927074e-05
1.728067039863420996e-05
1.704501449723327185e-05
1.720766568028887257e-05
1.743496656513608822e-05
1.716503689938134620e-05
1.719788225914388997e-05
1.734253215922422302e-05
1.697215911591786261e-05
1.731132389721542879e-05
1.734344757853037333e-05
1.716955322739604440e-05
1.711924663932088469e-05
1.712116884945137925e-05
1.715603248549075791e-05
1.696090338557761760e-05
1.728873483591383971e-05
1.705070607555421978e-05
1.704122229439494963e-05
1.706690059562640348e-05
1.695135916344928090e-05
1.714641840023135996e-05
1.698839614032917545e-05
1.684325856336259944e-05
1.703817033105112843e-05
1.696773451788481733e-05
1.700950902832560336e-05
1.692602073431967051e-05
1.677981971413667299e-05
1.705768559799372754e-05
1.682311346225413682e-05
1.707048669504922277e-05
1.685326488602792325e-05
1.702895258298023912e-05
1.702720113398336797e-05
1.694187537841023393e-05
1.711438011097774712e-05
1.686548958631400004e-05
1.708354745472376126e-05
1.705916145280157142e-05
1.689117319984829760e-05
1.663860325686395601e-05
1.658349313786629332e-05
1.668895585124591214e-05
1.686119894546445221e-05
1.690398012231067470e-05
1.672321088808878338e-05
1.655042071809243666e-05
1.686501017833396705e-05
1.685258726994368078e-05
1.667190003788850751e-05
1.674346487523609310e-05
1.657368662410983561e-05
1.698059480278580442e-05
1.666017579946632652e-05
1.652685968190590753e-05
1.672392185651691939e-05
1.685044155271652933e-05
1.682920374608286903e-05
1.654925921670802845e-05
1.671390419721141863e-05
1.666031224199396882e-05
1.671665982710244147e-05
1.672558250252003149e-05
1.654194585263014578e-05
1.675546855024627861e-05
1.658167732465933754e-05
1.677806136175039861e-05
1.638287501544290165e-05
1.629029303365737226e-05
1.650678311324918197e-05
1.664722746231384130e-05
1.657345532441796242e-05
1.635176009278738949e-05
1.637646982831708346e-05
1.633468680705822310e-05
1.648431054637848546e-05
1.635661686674727555e-05
1.648237597575600712e-05
1.631548612810123947e-05
1.641907187217328228e-05
1.653746960897957617e-05
1.651714154703002885e-05
1.625764877392176560e-05
1.643761683944599563e-05
1.649577273023437028e-05
1.635640218462026030e-05
1.640690219430582009e-05
1.616025708352328378e-05
1.653951711734567408e-05
1.647435430114725362e-05
1.621434690378833644e-05
1.649133303740723085e-05
1.637465438217317675e-05
1.629669754237666110e-05
1.626325257621668937e-05
1.612118650759385415e-05
1.638491621751530635e-05
1.631021615128426083e-05
1.601707492764712780e-05
1.622938655907709614e-05
1.635589270601088096e-05
1.623672262862300823e-05
1.612519329478121830e-05
1.629043496055068883e-05
1.633707783355309239e-05
1.633704429529997490e-05
1.598030058730708569e-05
1.594266168079783109e-05
1.598866911672942761e-05
1.604403239078326323e-05
1.631988853439699284e-05
1.624678056723278789e-05
1.584074434694489781e-05
1.609416678927013799e-05
1.617525208647394881e-05
1.603827838927944770e-05
1.608815526103691263e-05
1.599636881963767301e-05
1.598051810495892532e-05
1.577622885013560159e-05
1.586517038219966311e-05
1.611526940024370457e-05
1.573433309115026887e-05
1.586290638283884114e-05
1.603183854836048880e-05
1.579651917520507776e-05
1.577331568650406737e-05
1.599117840411091166e-05
1.575657556724884307e-05
1.591353787171017532e-05
1.595014889001716859e-05
1.586902410508393303e-05
1.628850839386915516e-05
1.591106816462460393e-05
1.596478309001438123e-05
1.588657978009223214e-05
1.576838170239537083e-05
1.582923834754113322e-05
1.581266728781361818e-05
1.580300748790274812e-05
1.602537376245729384e-05
1.583240070605801926e-05
1.576731498603180158e-05
1.570092418658248270e-05
1.571174372340338097e-05
1.553286243598285825e-05
1.601865860848886362e-05
1.578772192165880513e-05
1.582278254406172809e-05
1.592170871412078480e-05
1.554053645875809239e-05
1.561650134176866122e-05
1.582758603240377979e-05
1.583176409533108958e-05
1.543041599313202405e-05
1.556394394899504257e-05
1.566812420237604142e-05
1.560660359941819185e-05
1.570783175416244607e-05
1.562144463306321202e-05
1.536592317759340103e-05
1.565973518541380547e-05
1.556083860047025448e-05
1.576507254319119321e-05
1.554397269628029232e-05
1.560983395295528244e-05
1.539677883883911765e-05
1.534762608787253594e-05
1.561395164696514668e-05
1.541860817648860172e-05
1.570520358089834775e-05
1.552414258839648941e-05
1.530954393791756724e-05
1.568064559906779925e-05
1.537299662655271300e-05
1.555547745831781920e-05
1.533369979653651145e-05
1.571501891114292324e-05
1.557719395291783028e-05
1.559674851625538755e-05
1.511629292939872349e-05
1.536266986908312206e-05
1.542152396544400035e-05
1.566989026341135947e-05
1.538678283016890470e-05
1.538434409004347300e-05
1.550828781939401113e-05
1.547129005201839196e-05
1.546272761204437520e-05
1.551492061093149262e-05
1.540447048347433023e-05
1.553480836731678045e-05
1.522578509645424187e-05
1.524910536543204791e-05
1.553048271625398472e-05
1.542824078889192663e-05
1.529769884602615588e-05
1.539507153178709643e-05
1.542160300249376977e-05
1.528445202793578134e-05
1.540325421265725003e-05
1.525932202795936320e-05
1.529866827425997692e-05
1.509619274747732555e-05
1.520680032104538702e-05
1.504448371190509495e-05
1.511552059678191064e-05
1.508672224874552890e-05
1.523329471053275661e-05
1.514889428498426577e-05
1.497163159425695082e-05
1.513487079001939436e-05
1.517979908286072753e-05
1.517413272304429170e-05
1.512012648947790291e-05
1.492110215785943039e-05
1.514587955099988666e-05
1.493086169898245174e-05
1.518661299173545394e-05
1.502512274621514178e-05
1.506689770700565304e-05
1.508092840716420594e-05
1.509139954661991365e-05
1.498007711864448720e-05
1.519395777802524547e-05
1.493406735856933939e-05
1.506561322769373272e-05
1.519254303783095623e-05
1.484238506768047802e-05
1.491067790905623667e-05
1.483008256569189873e-05
1.493637358607718117e-05
1.514322267876531334e-05
1.473251247455632543e-05
1.503927363583780571e-05
1.495171464739228363e-05
1.499812953450346051e-05
1.497293310502120161e-05
1.488442858215265893e-05
1.487292830820753676e-05
1.505496505292367898e-05
1.484943613865577384e-05
1.487087257579878123e-05
1.485921466649331412e-05
1.493354553171839864e-05
1.483412574774835901e-05
1.486835001384193599e-05
1.468099208300681851e-05
1.479186397269270435e-05
1.488045199384865153e-05
1.482857671742880866e-05
1.491231572789625267e-05
1.490646940614525991e-05
1.473202387678449179e-05
1.486524108447337617e-05
1.477919794031985789e-05
1.474318790906566010e-05
1.480670246148072124e-05
1.485733826584916602e-05
1.474669028077567729e-05
1.448584467406430285e-05
1.447471734210220649e-05
1.486946041493755565e-05
1.487624886749466925e-05
1.463860781970804204e-05
1.459171648584744118e-05
1.490857758338760690e-05
1.474549428704238111e-05
1.479049168905807080e-05
1.452255545534644110e-05
1.451902431040378708e-05
1.455008436518076844e-05
1.481137053263128817e-05
1.464886003997941831e-05
1.470850139746973881e-05
1.473949118803562269e-05
1.466893223861631866e-05
1.446927420021094774e-05
1.451610515954772581e-05
1.469020935477784753e-05
1.467620507460309483e-05
1.464166004180298145e-05
1.442503086624265705e-05
1.469229784112026431e-05
1.450806812356470897e-05
1.445185617456906142e-05
1.443192091369957785e-05
1.448620706122546534e-05
1.446750623187427800e-05
1.453261533392892412e-05
1.442282259973058935e-05
1.431341115448481927e-05
1.463205190768118833e-05
1.472177145638079555e-05
1.454414202665785660e-05
1.460277208836103058e-05
1.444749700613359456e-05
1.452370771224403568e-05
1.464651282593923726e-05
1.448359442884693154e-05
1.452556083665898159e-05
1.428953571891558366e-05
1.442414510553586452e-05
1.450481873343346371e-05
1.426578298593786735e-05
1.432887488299983799e-05
1.432994421977778907e-05
1.416657871712087055e-05
1.447979122401330115e-05
1.454754540437225235e-05
1.428911346845338482e-05
1.416166520235291464e-05
1.460163337437130815e-05
1.426157832903407065e-05
1.428916964113532009e-05
1.444233759631700906e-05
1.438589879893037153e-05
1.426916758641086397e-05
1.412512997345614913e-05
1.443723218926317674e-05
1.426149647003633079e-05
1.390080101365055278e-05
1.414899356926483866e-05
1.417563266898264862e-05
1.438742207468539272e-05
1.405829232361652726e-05
1.419067033010706336e-05
1.381020272358709988e-05
1.415156887057782481e-05
1.430901265453637777e-05
1.432851082901719425e-05
1.411334986133674342e-05
1.412400407440729914e-05
1.420474917631200226e-05
1.430299899226718961e-05
1.416006445055774299e-05
1.399615513253067145e-05
1.407095585538666895e-05
1.405276900402431170e-05
1.409446103436376614e-05
1.413225832693397581e-05
1.412539752871098488e-05
1.399308715590358426e-05
1.392444604191236002e-05
1.395403400983034783e-05
1.384111993858866295e-05
1.418034784333435652e-05
1.384003281041501042e-05
1.404720391773583242e-05
1.392306587171469942e-05
1.414749755843633664e-05
1.401659145185175451e-05
1.365573346864799231e-05
1.389910418985996830e-05
1.388646681163309269e-05
1.406275068594109426e-05
1.392177750990406103e-05
1.407575296770474088e-05
1.390540395022967047e-05
1.398430113714284563e-05
1.396872825933741970e-05
1.388267276190241604e-05
1.407642829772140618e-05
1.392351901527421317e-05
1.386157206246003975e-05
1.391427532784151695e-05
1.419869944539743432e-05
1.392717026775223648e-05
1.419804417127585966e-05
1.379289511930905721e-05
1.412829506068599523e-05
1.386898061031978064e-05
1.362519908205628308e-05
1.394110779660689925e-05
1.387447360144467891e-05
1.379514220651343184e-05
1.359985579753442069e-05
1.407530482738473717e-05
1.383790724712468900e-05
1.377929481966844229e-05
1.384451593345087591e-05
1.385131388120264216e-05
1.401614305433868872e-05
1.366026537792204658e-05
1.354656430116667070e-05
1.375979519953583559e-05
1.372637619759588211e-05
1.352419288508946824e-05
1.368640900460616811e-05
1.370529161214489298e-05
1.358823389727432709e-05
1.396829643185995023e-05
1.347701714621250959e-05
1.371533971663561381e-05
1.360805420911496568e-05
1.374198774462354447e-05
1.385110082936277635e-05
1.367020715508486573e-05
1.351133440246482012e-05
1.369167238891463203e-05
1.342453546529867501e-05
1.364550119495535400e-05
1.360644114401075058e-05
1.345926340868431736e-05
1.348192070889884488e-05
1.368607767957797902e-05
1.339273629487938225e-05
1.355218196301823443e-05
1.351832826194697918e-05
1.346257374739174027e-05
1.354897739519995955e-05
1.325282716621828977e-05
1.351027330297701522e-05
1.335880800103594005e-05
1.349416365823654454e-05
1.351819324999928880e-05
1.357554028016537332e-05
1.366323096588235284e-05
1.365150433492877959e-05
1.361099854845531920e-05
1.348180327829666616e-05
1.336307612036231304e-05
1.355185801119088740e-05
1.312439872456143641e-05
1.334254872580378872e-05
1.331247799620138063e-05
1.334803665212569070e-05
1.358943688861241313e-05
1.334082883037950464e-05
1.323448188137444267e-05
1.347516785057871940e-05
1.313606750740003786e-05
1.347379398948974404e-05
1.334119490885023389e-05
1.344795133790805639e-05
1.362139823580346686e-05
1.322076363282561563e-05
1.342315418278066675e-05
1.340946816158049637e-05
1.332633073713742581e-05
1.334808914639227235e-05
1.323823828198459703e-05
1.355482146284250084e-05
1.328299654097765673e-05
1.318104030182697612e-05
1.340351179794000497e-05
1.345199841926169210e-05
1.333252874978966154e-05
1.321451343355803482e-05
1.334891696568692914e-05
1.330927319258301780e-05
1.336875634981808619e-05
1.310528504032706447e-05
1.307565510636702404e-05
1.329177895436455117e-05
1.324958448470272415e-05
1.335563559077719530e-05
1.312787594058061789e-05
1.328410762174342304e-05
1.325670907906415011e-05
1.323408576788117917e-05
1.304313672299273332e-05
1.302899617409314397e-05
1.327825491208098854e-05
1.300577542369434039e-05
1.329451529589760128e-05
1.314018806364075882e-05
1.318012267532743373e-05
1.293539412291307814e-05
1.324669236724180133e-05
1.347029178109938508e-05
1.299501652329943207e-05
1.298383898872534022e-05
1.290638928906190647e-05
1.294950219504892365e-05
1.292181900587595479e-05
1.300379580366354955e-05
1.284023267377090644e-05
1.304950251177830772e-05
1.280538507673063273e-05
1.301745256244620506e-05
1.312778207938810945e-05
1.310321110794960262e-05
1.311585188167305440e-05
1.317394103574285729e-05
1.303698708503937382e-05
1.294489905617168881e-05
1.294034277579410721e-05
1.293910165432282182e-05
1.292614690502863649e-05
1.266910481969863974e-05
1.323641711622308038e-05
1.292158161413140582e-05
1.272112047778390327e-05
1.302314947963657014e-05
1.290892763272949659e-05
1.306161360316943192e-05
1.306603446808436874e-05
1.307017630840147737e-05
1.288966684776218665e-05
1.301391326905797749e-05
1.292138936861970036e-05
1.295926304687393784e-05
1.289138062860006564e-05
1.312388942722909161e-05
1.274163978428453659e-05
1.303751878315116675e-05
1.257003539470036770e-05
1.282169623668453465e-05
1.285297851740745367e-05
1.305627342623752646e-05
1.281207672137405426e-05
1.282655641480578648e-05
1.279865407484343731e-05
1.273591949671122974e-05
1.278814858587837652e-05
1.275555093675658953e-05
1.296881358848653401e-05
1.291262453039321692e-05
1.265541197221705538e-05
1.292191054581586079e-05
1.264697578156862796e-05
1.252033032055507179e-05
1.279585356442863284e-05
1.256102846884351948e-05
1.254352183860829170e-05
1.259340942566797292e-05
1.263373534598948065e-05
1.279770461042109892e-05
1.275150617425828360e-05
1.273294930683045695e-05
1.260869026281270155e-05
1.277482281671060287e-05
1.277923816974407635e-05
1.229820123977879279e-05
1.250815944203201191e-05
1.274525170478816236e-05
1.254562139479340147e-05
1.264584478847868157e-05
1.270267479154952965e-05
1.249441791487492971e-05
1.257799565145248595e-05
1.279935762896797638e-05
1.274944327805269131e-05
1.232699491750186784e-05
1.272310090121294237e-05
1.273113421883461481e-05
1.254840435516986210e-05
1.245629714427217231e-05
1.242748161546446367e-05
1.239467888364226680e-05
1.249027015796071889e-05
1.252170802050897763e-05
1.260759588960596400e-05
1.254938428685535805e-05
1.257103230473565392e-05
1.258384230310494436e-05
1.241036770955346433e-05
1.270674738065248490e-05
1.248559672828661597e-05
1.252510902403651248e-05
1.261776704901397089e-05
1.256599173695749381e-05
1.267453309565764891e-05
1.252958719967893599e-05
1.269933976516873981e-05
1.267491487046910328e-05
1.224033497101518418e-05
1.276169250601918854e-05
1.233747678511273077e-05
1.264551150405775463e-05
1.252878858787728431e-05
1.241026732466156074e-05
1.227681221977603919e-05
1.226412917211942018e-05
1.246862084138593875e-05
1.235641344328205661e-05
1.209451388596128865e-05
1.268404723926747603e-05
1.260835554807930892e-05
1.241179415084126769e-05
1.244069299150336356e-05
1.238850186152940907e-05
1.227521651070036134e-05
1.236799039376556297e-05
1.251519155914093487e-05
1.253136550469778088e-05
1.238523787691199972e-05
1.239959561127848252e-05
