nan
nan
9.468135615377627767e-02
4.642251118937638227e-02
2.703909634990714003e-02
1.820613583146580075e-02
1.366407628105741588e-02
1.112625644150694315e-02
9.222347439061948787e-03
7.908538329311041656e-03
6.922692516461976739e-03
6.165286548427187201e-03
5.563027613862501532e-03
5.069859502403973803e-03
4.668860819486931810e-03
4.311542048935852571e-03
4.012066444936479050e-03
3.747848210369044038e-03
3.516793167637563382e-03
3.315125947732019962e-03
3.120869554169109113e-03
2.957658795944299781e-03
2.813208785294963373e-03
2.685498004149129096e-03
2.562450646468408724e-03
2.459136253727426443e-03
2.359629733064639613e-03
2.268885918308854305e-03
2.185166229364273339e-03
2.112019753801951116e-03
2.042967571162297713e-03
1.976038778896930734e-03
1.913471383724099726e-03
1.856572507550164350e-03
1.803375498625305398e-03
1.752610664996969315e-03
1.707297011890940904e-03
1.661360000523729244e-03
1.620609886301069714e-03
1.581465466020855149e-03
1.543369559665123654e-03
1.507555763071444840e-03
1.474896638813962295e-03
1.444027174836465255e-03
1.415119467300411313e-03
1.384929581372536071e-03
1.357026070644595751e-03
1.332928646036401826e-03
1.307597708396532159e-03
1.284376604435206581e-03
1.261323358848052360e-03
1.238992201807587960e-03
1.218747180622695462e-03
1.198174525451983991e-03
1.178662368623917007e-03
1.161005338176665600e-03
1.140978484183707625e-03
1.127082269968972912e-03
1.107961508068192307e-03
1.092547389987033471e-03
1.077857471053249999e-03
1.059210993144141244e-03
1.048267579246613644e-03
1.034185214888192492e-03
1.019349467452707525e-03
1.006899925295846139e-03
9.932474125510654117e-04
9.831833302899510921e-04
9.697168604424986340e-04
9.582191773100845380e-04
9.465397417241843900e-04
9.363733352000942452e-04
9.256506720904430618e-04
9.163069491333640038e-04
9.059396113705404843e-04
8.958513955001825430e-04
8.866531658174800230e-04
8.756805533101459562e-04
8.683468485897626781e-04
8.604801839471889167e-04
8.504230821487626180e-04
8.427982513775822328e-04
8.333931317648048858e-04
8.247397141717503896e-04
8.171257239276892050e-04
8.107764623860001796e-04
8.034524155004505244e-04
7.958283738066963689e-04
7.875521170714693377e-04
7.821882385845552827e-04
7.747848848431623239e-04
7.687492465228478117e-04
7.608627638945623592e-04
7.528273117063809423e-04
7.483700236071582669e-04
7.422115675473905938e-04
7.359899179107137366e-04
7.312762981902457124e-04
7.249657632239681244e-04
7.178822423109562211e-04
7.133190976221614587e-04
7.085557180405308237e-04
7.019082416393642278e-04
6.986175740765653746e-04
6.912966617621089677e-04
6.862026268004842514e-04
6.813286838409388785e-04
6.767718564214401152e-04
6.729362241373302873e-04
6.688348421267321584e-04
6.628175075000230241e-04
6.571929570688905212e-04
6.531192992632428411e-04
6.485608811650692531e-04
6.442221123096048257e-04
6.403276609698228166e-04
6.373729998523684163e-04
6.319194618753302918e-04
6.275243538693670410e-04
6.223396466356943910e-04
6.197580262509033450e-04
6.163685340612401692e-04
6.114778538988264577e-04
6.063845523600071936e-04
6.047357057209115216e-04
6.005342667392229473e-04
5.966961044693811379e-04
5.918427810704765014e-04
5.897314614102526931e-04
5.873436987784313220e-04
5.819488330227753177e-04
5.790841721246481940e-04
5.740239044535082932e-04
5.709307953325569581e-04
5.683101866934130468e-04
5.640270588224677696e-04
5.614753278300768603e-04
5.589453025603968034e-04
5.554510853251666287e-04
5.525745236350200137e-04
5.483212539115267297e-04
5.462839507696571782e-04
5.428315481961070192e-04
5.402775825856095601e-04
5.379068634384238370e-04
5.341273481508050777e-04
5.316374593373834022e-04
5.292463265654778195e-04
5.261129032463897045e-04
5.247015227425658439e-04
5.203349560223207793e-04
5.176582301341888827e-04
5.130946334584354090e-04
5.130149989773619915e-04
5.098504151963381996e-04
5.064967673748178205e-04
5.049744119582595453e-04
5.000900949170567628e-04
4.995074327699250936e-04
4.969544459561864476e-04
4.929030778234734077e-04
4.917526975082237364e-04
4.889798815335171444e-04
4.875220665138652694e-04
4.837271652938671747e-04
4.831852627191947770e-04
4.808657833804996545e-04
4.778005448915432487e-04
4.754747219405228609e-04
4.724605304282630119e-04
4.707917637732074662e-04
4.674853996865820766e-04
4.659087148249175863e-04
4.636229604329375129e-04
4.604568465032400464e-04
4.603404529852445299e-04
4.561829641691459618e-04
4.556592376872019745e-04
4.530443249389196243e-04
4.514820587913324912e-04
4.482135164371810914e-04
4.472376204872311085e-04
4.439104731305673276e-04
4.430345893732078716e-04
4.406416101875928614e-04
4.386522730519789638e-04
4.365272212051790417e-04
4.348642882480237867e-04
4.324140330772911745e-04
4.306438980396033235e-04
4.291925053855146941e-04
4.273230972041705631e-04
4.254471775684613125e-04
4.249807212643437015e-04
4.217034397358709777e-04
4.194602144740298163e-04
4.178278102403137082e-04
4.156453356444713863e-04
4.132814996291130278e-04
4.128318801237590343e-04
4.108413385147964406e-04
4.105140974210387452e-04
4.066820769609983451e-04
4.070578023985156352e-04
4.034022495691486835e-04
4.030435049214600675e-04
4.018023973085149583e-04
3.991116837356876502e-04
3.973493631573599442e-04
3.971977284604187889e-04
3.956339376374151369e-04
3.925049789711632033e-04
3.907836302944846978e-04
3.909919596261749483e-04
3.868482766238065637e-04
3.868367070161320490e-04
3.845082470137709137e-04
3.836600423641314860e-04
3.811600275100469914e-04
3.801416697567580475e-04
3.786616085867608732e-04
3.784989699333472422e-04
3.758506855953665585e-04
3.740424844656293373e-04
3.730858987814122474e-04
3.717823911962921286e-04
3.714872971327436916e-04
3.694266540815450669e-04
3.673395222110246950e-04
3.667260783578440834e-04
3.643995684486691635e-04
3.629722035384861214e-04
3.620507939254687070e-04
3.606693888024375505e-04
3.595993393513135399e-04
3.582116260810433894e-04
3.575258093144944118e-04
3.549657852290421622e-04
3.538131207096409272e-04
3.526983626372245332e-04
3.518128742854979060e-04
3.502376454120270329e-04
3.485571223410525348e-04
3.472329076614554888e-04
3.456850805464963742e-04
3.454168589973449083e-04
3.441221784975658318e-04
3.437396517613003897e-04
3.410719189048991946e-04
3.406045755721302608e-04
3.394819809456655008e-04
3.377584260924280110e-04
3.362816860562946883e-04
3.360614838551563739e-04
3.355195392847259224e-04
3.328015696482478710e-04
3.301044179461708997e-04
3.313288719419234859e-04
3.304255900333469102e-04
3.276513320641067728e-04
3.259110913559698443e-04
3.257503518455046390e-04
3.242483824312782309e-04
3.231566173538231806e-04
3.233343949998493893e-04
3.217720435322665587e-04
3.197056643141181357e-04
3.193613004932918100e-04
3.184928872694782931e-04
3.170699853323683329e-04
3.151316528935247416e-04
3.149124651514758049e-04
3.137454749857502070e-04
3.119564181637010463e-04
3.110020119023200057e-04
3.104494744059260779e-04
3.095235559984845820e-04
3.079746027954502496e-04
3.072704658693113937e-04
3.056239629057867194e-04
3.050081420190027363e-04
3.043234897305155872e-04
3.027662222116849736e-04
3.022331693663016412e-04
3.016137500575808783e-04
2.999074530231058181e-04
2.991824943605576946e-04
2.989297678606227661e-04
2.970004654991908522e-04
2.968022679550077190e-04
2.947621439492523199e-04
2.937417753911998478e-04
2.932095949190324444e-04
2.929648841718978563e-04
2.921104551963857863e-04
2.909364524001575316e-04
2.883798643891333073e-04
2.897576783938229125e-04
2.890189927764600427e-04
2.870184560792246207e-04
2.862672546743486555e-04
2.859782968597767154e-04
2.850464071044329635e-04
2.844321409186401366e-04
2.827603442846636137e-04
2.823550938740899009e-04
2.806656810944970284e-04
2.802041761626641436e-04
2.802268420253700666e-04
2.775122574753977143e-04
2.768271669879877254e-04
2.759527522931929538e-04
2.756500427695076673e-04
2.753505617591469560e-04
2.735075402246074346e-04
2.737821385340650539e-04
2.731552254202460235e-04
2.717973521982008879e-04
2.698312497129958312e-04
2.696435975039612049e-04
2.690970140441451214e-04
2.684384948814257901e-04
2.679314947949137612e-04
2.663170261198903946e-04
2.660166467711654829e-04
2.653604335517777786e-04
2.638961871710992666e-04
2.631813199562015883e-04
2.625430514556500810e-04
2.619974468690532414e-04
2.603065495735557423e-04
2.601049606381434566e-04
2.587208830296927045e-04
2.577626107988133589e-04
2.588659056783731136e-04
2.573176205826365652e-04
2.553462566916225927e-04
2.545696204903660732e-04
2.545694922688539435e-04
2.535084037410611450e-04
2.531629090343323184e-04
2.522561230945718266e-04
2.516429167387320733e-04
2.510766635327744403e-04
2.507074459398547827e-04
2.496652391956987729e-04
2.489914304287798056e-04
2.479628944963118277e-04
2.463960677433512563e-04
2.469902523391613309e-04
2.464382650744291231e-04
2.448161548396583158e-04
2.441566165359625130e-04
2.428394468805091162e-04
2.433577869539941380e-04
2.421343399732001956e-04
2.418532719962962442e-04
2.404160752337837178e-04
2.405401099731225927e-04
2.399319552966386185e-04
2.393014703512834525e-04
2.382061440585713083e-04
2.370084791855818713e-04
2.371617033597216769e-04
2.355947145737200953e-04
2.350877135414537950e-04
2.336405722252680572e-04
2.344301041354697685e-04
2.335537177529839513e-04
2.323660396862591525e-04
2.326148056529283963e-04
2.323632732304557822e-04
2.308603936620026221e-04
2.296925696628930114e-04
2.297303536696406227e-04
2.298776070466730149e-04
2.277741205312069548e-04
2.269337375938492427e-04
2.272747772994568620e-04
2.269286939922270682e-04
2.255037775366865377e-04
2.250324541231758411e-04
2.234110012524331270e-04
2.240039721260886829e-04
2.231770341460535465e-04
2.226370710869426234e-04
2.219809920281854137e-04
2.207574135393427714e-04
2.206211717609589179e-04
2.205374286789182968e-04
2.196884062282579019e-04
2.194664543518641043e-04
2.187772638637778557e-04
2.177139386357873348e-04
2.177914802714801942e-04
2.163660773149421630e-04
2.156199347896753913e-04
2.152079361540350710e-04
2.145223051418777794e-04
2.146260117111974293e-04
2.144732672563318295e-04
2.142384298769481701e-04
2.121487977061858854e-04
2.120969473667625360e-04
2.121961028834157346e-04
2.102707301752125340e-04
2.100093387145417808e-04
2.100535971636174675e-04
2.095023446913110037e-04
2.094883554972595298e-04
2.073063428000685338e-04
2.074961313329649231e-04
2.062982011501308629e-04
2.067346258557465168e-04
2.061086757274838545e-04
2.056935503157407690e-04
2.050585256380746933e-04
2.043264862768483594e-04
2.040599897299051071e-04
2.037366634873515015e-04
2.034861242687820691e-04
2.031197651364594851e-04
2.020368286134547350e-04
2.013945414990182088e-04
2.002966897132018426e-04
2.003094706176557357e-04
1.996088060668458025e-04
1.991581651098580567e-04
1.982649370423368964e-04
1.976398641658774975e-04
1.979339467107019558e-04
1.971374743516447216e-04
1.967322992639239170e-04
1.955461950927242303e-04
1.957307826538983396e-04
1.947830504099115915e-04
1.942233187544234235e-04
1.940724648070134024e-04
1.943048769627106628e-04
1.937590484942271608e-04
1.926416007047967375e-04
1.916595704699777911e-04
1.915547255318923801e-04
1.915009514146978045e-04
1.899664909070083118e-04
1.907437003698292974e-04
1.902041111488120750e-04
1.893747380886124656e-04
1.887990512927731628e-04
1.888993328639369297e-04
1.872518561069325647e-04
1.878866368337373113e-04
1.862620971553478671e-04
1.857014886625142104e-04
1.860398736390922881e-04
1.849683101833123934e-04
1.854153590202000973e-04
1.839152101089181011e-04
1.838794740746798142e-04
1.829191904448928489e-04
1.832148933719904098e-04
1.829355768237340507e-04
1.824625439917992680e-04
1.814312968556804095e-04
1.817100744608131325e-04
1.812493107741091096e-04
1.808492257132342522e-04
1.802539971102265091e-04
1.791150807570578152e-04
1.786142778521040714e-04
1.779713571582381456e-04
1.777068250818164769e-04
1.779367560754682774e-04
1.774951089964024059e-04
1.768161221424654084e-04
1.761910914862618654e-04
1.767083298665257803e-04
1.752319860432691742e-04
1.750473525030747234e-04
1.748195139216041603e-04
1.743838043043612724e-04
1.739431492678946735e-04
1.730304576715058250e-04
1.729694521057031117e-04
1.729856679564008683e-04
1.717126112586788442e-04
1.710819022122284940e-04
1.703335230190471767e-04
1.717595633717326265e-04
1.700939574032144192e-04
1.698082417246870853e-04
1.696662638101992834e-04
1.691849128798359988e-04
1.688031658883484983e-04
1.677529287282903607e-04
1.673673946685480041e-04
1.670724322296146102e-04
1.664981317197034537e-04
1.677216029584196457e-04
1.658360422357882608e-04
1.652991975696082336e-04
1.654668976254946222e-04
1.652705283210109037e-04
1.647518313590703803e-04
1.646095033785963699e-04
1.640572382694791031e-04
1.635324580067599651e-04
1.632211573786540419e-04
1.619258702031781713e-04
1.619799319544743151e-04
1.617628471967362948e-04
1.625611218775206669e-04
1.622200196008623035e-04
1.608953948189398948e-04
1.605824894518707315e-04
1.599008137376200221e-04
1.601650091046275426e-04
1.589666318177788908e-04
1.586397588193073265e-04
1.584632590953105179e-04
1.582317261984855111e-04
1.586337985332478913e-04
1.577909209427957567e-04
1.567096936199636505e-04
1.572765840131781529e-04
1.560330510327147041e-04
1.550050372580199631e-04
1.557173625949990700e-04
1.556993728462172804e-04
1.553543957659446375e-04
1.543966015252270932e-04
1.539645392726042518e-04
1.548434121821857840e-04
1.536541562395051148e-04
1.540003815228794810e-04
1.530060435514332576e-04
1.523161904678732679e-04
1.522819177426267814e-04
1.516731707522483963e-04
1.517882527218941701e-04
1.510901897624072497e-04
1.508023415634912059e-04
1.501732766950268356e-04
1.493090303611694736e-04
1.498190878599035532e-04
1.498367893622727372e-04
1.491580714038048090e-04
1.492648374364253258e-04
1.482859331821601337e-04
1.481519055968447856e-04
1.479796916153562267e-04
1.478443627945811906e-04
1.470987528610000162e-04
1.464925345787134825e-04
1.467106731094675065e-04
1.470612425780117483e-04
1.458562131004935577e-04
1.459037813588780598e-04
1.459378396311956884e-04
1.450964214282468947e-04
1.444609217261805787e-04
1.449205262365618556e-04
1.433801018914475085e-04
1.445693565591934572e-04
1.440337871327142412e-04
1.431241794166755884e-04
1.429187194611905099e-04
1.427112598497128830e-04
1.422601273420749104e-04
1.419171144107109705e-04
1.412186323537825661e-04
1.411082864472726719e-04
1.407362037691180093e-04
1.411281108694809354e-04
1.399127447183848988e-04
1.395125741198424891e-04
1.403452447335462529e-04
1.399005696389301408e-04
1.395821498203938767e-04
1.390650661602971683e-04
1.379117764019199160e-04
1.383866422083074473e-04
1.384855656796892475e-04
1.375820538757496173e-04
1.374035221713063287e-04
1.372196646123057570e-04
1.362645935998237903e-04
1.358615129032897514e-04
1.359671309409624942e-04
1.354783704605345832e-04
1.357751280377959488e-04
1.359599282098438702e-04
1.345932303060457360e-04
1.351224391253555153e-04
1.348858612039984754e-04
1.343788551575485809e-04
1.332580913584777800e-04
1.338508731126461483e-04
1.339950353916995879e-04
1.324239933407047242e-04
1.329714944381258431e-04
1.327865598886168318e-04
1.324673276050700697e-04
1.317843307814750976e-04
1.315448538740226895e-04
1.315435608389413662e-04
1.304440189644454247e-04
1.311013051896741820e-04
1.303772571678965856e-04
1.294345328944923081e-04
1.298244043694009829e-04
1.291086584555592128e-04
1.292216338007547464e-04
1.298899086032600429e-04
1.285973694492332663e-04
1.288245562424918578e-04
1.279367555981077533e-04
1.276309526435335530e-04
1.271705779820097638e-04
1.275560852958344382e-04
1.270442721281272547e-04
1.279037540958029035e-04
1.269703658768599360e-04
1.262570112269261618e-04
1.258881023247360035e-04
1.258658633952414933e-04
1.256542804036677873e-04
1.255298443900848277e-04
1.250715917636135977e-04
1.248552681059366179e-04
1.245156526827713916e-04
1.242848254442096797e-04
1.238211936389734598e-04
1.238695264757828398e-04
1.238363020024915620e-04
1.236925357609780973e-04
1.230650326193056415e-04
1.226209237832376374e-04
1.224162092439144060e-04
1.223886524924860074e-04
1.222295640499839234e-04
1.215982378858662894e-04
1.214161584399049042e-04
1.219291903341733127e-04
1.212898614719796727e-04
1.210095531205843345e-04
1.203267548792896378e-04
1.199239399888608068e-04
1.202654305498328344e-04
1.199315026874969893e-04
1.198515859739089097e-04
1.189202900171172753e-04
1.191049536368840632e-04
1.193954214813928012e-04
1.182109423633728501e-04
1.185237170637715095e-04
1.189201811130754307e-04
1.180886045866668749e-04
1.178388586230131083e-04
1.174047686248870477e-04
1.173130023696572250e-04
1.173101713802557984e-04
1.167321031293856802e-04
1.167562401183024301e-04
1.162479347129283551e-04
1.155880623229109432e-04
1.165764284767714957e-04
1.154360849519989239e-04
1.159309345728444567e-04
1.155687431806828760e-04
1.153043641690584673e-04
1.147721407382131621e-04
1.151971743086640620e-04
1.144746675128813294e-04
1.145402486098618614e-04
1.139285257034119519e-04
1.137974324590472052e-04
1.135036409746459059e-04
1.132693373497585635e-04
1.130572686284439369e-04
1.136350410521253548e-04
1.128004220209959124e-04
1.124795697084286447e-04
1.125490631726708257e-04
1.119361316596107923e-04
1.117281465802898150e-04
1.118670039538890602e-04
1.111447716187897425e-04
1.112486569442376730e-04
1.116940457021638601e-04
1.104088734454424962e-04
1.103274582940050026e-04
1.111486827208675246e-04
1.102886752600959794e-04
1.102702113096227534e-04
1.100351699305195926e-04
1.092853556023008960e-04
1.090857384262656940e-04
1.091659709687951558e-04
1.095381034273567743e-04
1.088877655995369899e-04
1.089740821270165086e-04
1.086986153812581260e-04
1.083866743924284459e-04
1.082788778070486839e-04
1.079355039253634897e-04
1.076789554221827563e-04
1.077888737767991438e-04
1.068545175034255464e-04
1.072468104113114863e-04
1.071352469398301259e-04
1.065577216329002353e-04
1.065641025049912758e-04
1.065462463279831908e-04
1.056234774011996692e-04
1.061424281162798685e-04
1.054083286412964049e-04
1.054646273247682956e-04
1.052829453055215765e-04
1.055066461128534620e-04
1.048274648153205694e-04
1.047221251960141913e-04
1.044664672708061400e-04
1.043149350467614182e-04
1.040589605723490647e-04
1.038087901787001068e-04
1.029598441292606194e-04
1.033909189062628736e-04
1.030206065266295524e-04
1.024436111971947246e-04
1.026841494313559963e-04
1.031508775585762082e-04
1.025914971834441484e-04
1.019229258896501916e-04
1.020768112776611016e-04
1.019512709829476833e-04
1.016120539056908942e-04
1.018311939897771580e-04
1.012458132296510568e-04
1.009774938806390278e-04
1.009090950052250063e-04
1.003624269317280335e-04
1.006512643490221193e-04
9.997090461592004779e-05
1.000770104178070496e-04
9.956895603730877360e-05
9.943829859719316032e-05
9.968237360097114905e-05
9.924842356656549797e-05
9.991623010082744034e-05
9.940133042840306962e-05
9.865605111225196210e-05
9.834570332428898046e-05
9.833938160484152519e-05
9.823320474764459919e-05
9.842088692145976034e-05
9.802039256621796317e-05
9.841478059333090978e-05
9.789568004102949382e-05
9.700985642278371623e-05
9.726010453914586793e-05
9.646748575311356463e-05
9.676419572829753968e-05
9.650109829958819908e-05
9.633712879643144245e-05
9.608645018854902471e-05
9.599307951542168638e-05
9.642696766415033459e-05
9.625934146761151191e-05
9.537217963378544759e-05
9.568575863149016353e-05
9.519137758655881170e-05
9.537447872058969799e-05
9.496908376133894787e-05
9.515099624468721857e-05
9.453938252863674770e-05
9.471608913438336538e-05
9.456899225521360215e-05
9.418398056480493377e-05
9.386167568677473495e-05
9.348396837000054634e-05
9.367405765194956424e-05
9.353423301436487240e-05
9.330659417232236381e-05
9.299516311811126257e-05
9.295319596889454333e-05
9.312563659031597029e-05
9.273089582904567047e-05
9.235507470456983379e-05
9.221864571480789367e-05
9.191460923807309117e-05
9.176818906108690139e-05
9.162383176749910136e-05
9.146870473841736172e-05
9.114001772874804675e-05
9.074754476589743507e-05
9.138811608784189449e-05
9.134337305826826018e-05
9.119074098991607246e-05
9.057518254648205976e-05
9.029785674961578407e-05
9.111557218884971129e-05
9.021468105111803528e-05
9.014888888114511276e-05
9.009698198005061795e-05
9.023042294908666442e-05
8.991219980372310244e-05
8.918957817036766403e-05
8.920949187843005539e-05
8.959219018711336445e-05
8.873886089768464572e-05
8.953137279791765178e-05
8.917757467229544448e-05
8.880818851004064702e-05
8.871771933027868971e-05
8.860841983837388074e-05
8.830698447585197256e-05
8.811364254077629727e-05
8.842967424353044971e-05
8.794608328654754110e-05
8.817761134759503113e-05
8.763175549061006893e-05
8.725308509021123028e-05
8.708264569713900362e-05
8.685254324063535175e-05
8.662937595018890824e-05
8.700626488652448516e-05
8.641982091637661094e-05
8.629079852703381865e-05
8.679985803837809446e-05
8.605567913011613200e-05
8.594239200244303660e-05
8.591467241026694301e-05
8.607169225319664311e-05
8.553199903990514272e-05
8.538909736808831521e-05
8.560008849579098396e-05
8.498741113185579159e-05
8.567389356958651997e-05
8.510587573320497969e-05
8.489556143093955945e-05
8.488068685238159814e-05
8.463612474799250178e-05
8.392742118947519496e-05
8.428376842401458333e-05
8.363939233343069344e-05
8.378367832303047020e-05
8.360039110453729161e-05
8.393816819584609397e-05
8.331114218555665243e-05
8.322327396145325388e-05
8.284708676164790286e-05
8.345345502745243275e-05
8.300714934468017721e-05
8.273213066551313849e-05
8.303198131482822321e-05
8.253541003321715930e-05
8.211107489359371426e-05
8.244895008579528224e-05
8.211332541874173576e-05
8.161580506743477893e-05
8.198644603389869639e-05
8.144131186042602802e-05
8.116392469127469073e-05
8.150392720290489047e-05
8.164047106697199430e-05
8.080986904987671733e-05
8.115761777432206375e-05
8.031294591273324538e-05
8.047983813896425118e-05
8.068315581140103978e-05
8.017397357906543595e-05
8.021921217763337201e-05
7.997579875827762522e-05
7.895721779259397375e-05
7.966576821624464977e-05
8.000413294806961505e-05
7.916828676303642423e-05
7.900881995926166195e-05
7.930750309590168092e-05
7.936593933239938974e-05
7.882672768921480109e-05
7.910696670321758163e-05
7.816888692162497049e-05
7.895184347335535303e-05
7.860937461698407286e-05
7.810358902656400898e-05
7.819196957779376851e-05
7.775994602712244202e-05
7.807097594041272916e-05
7.745400665423130492e-05
7.794133168209013685e-05
7.746472921988349506e-05
7.709312061929280834e-05
7.735147239474484781e-05
7.691678373570478666e-05
7.701960770739463562e-05
7.689734819671984899e-05
7.677806885607290483e-05
7.641616706064366100e-05
7.637143720291604619e-05
7.623226499178339705e-05
7.633786591005387631e-05
7.599588231195481382e-05
7.604477485753823236e-05
7.589689789980026756e-05
7.554887984722971660e-05
7.550632609807981881e-05
7.592436679848832491e-05
7.533298478235222540e-05
7.469380315116540411e-05
7.479887500799197743e-05
7.518453205416868439e-05
7.540362654529647601e-05
7.493534359960009328e-05
7.446130511309604759e-05
7.445488644850325370e-05
7.431423278470326377e-05
7.441858623553725127e-05
7.456466465877685523e-05
7.495299030494439519e-05
7.345896547286663938e-05
7.394735925260969124e-05
7.351770947538955106e-05
7.369592541252797144e-05
7.345838128682597877e-05
7.344258422536081691e-05
7.340130705279871175e-05
7.336543021689172000e-05
7.311919412777066437e-05
7.294231309314896212e-05
7.264927232830735394e-05
7.250636623416690802e-05
7.287030857984681353e-05
7.253528062948241643e-05
7.228292202096593460e-05
7.240058252304765955e-05
7.220926969368910624e-05
7.212690812251981666e-05
7.225164131355802765e-05
7.152687623431796551e-05
7.214620219692566261e-05
7.117184744284308587e-05
7.145994597284544762e-05
7.157158435312308280e-05
7.196453362111534396e-05
7.129810155269699105e-05
7.082466457815602746e-05
7.072621524164835740e-05
7.069670656703795305e-05
7.079173866985540562e-05
7.074841604217061157e-05
7.082029100497801155e-05
7.048859478706491694e-05
7.038215141503086818e-05
7.026951933406072842e-05
6.980520337827926481e-05
6.956116362904311563e-05
6.982588216444018708e-05
6.965065411643022288e-05
6.996785740419818008e-05
6.966111194776764795e-05
6.902373591670010299e-05
6.910456389124181378e-05
6.902393257543410529e-05
6.924455917183867742e-05
6.917815676649389091e-05
6.897162706508499792e-05
6.889902938411892296e-05
6.823998327026986068e-05
6.894652540706093047e-05
6.842134959474468776e-05
6.863580780901225070e-05
6.836585096187306984e-05
6.854455942103021050e-05
6.785589562460726722e-05
6.801077693090179640e-05
6.763545237724815458e-05
6.763680131553699679e-05
6.755541668189684462e-05
6.758092989965337294e-05
6.709620837305707260e-05
6.707839653778491847e-05
6.721497200787648766e-05
6.730389626805180275e-05
6.758904126277770616e-05
6.683846141461118984e-05
6.671787585165904000e-05
6.692377620448443170e-05
6.651690745351773607e-05
6.666174200948603106e-05
6.626567933997327595e-05
6.679928589128888213e-05
6.650751693894551241e-05
6.622899495030377601e-05
6.686732365426043781e-05
6.669272819616413924e-05
6.568524184851502930e-05
6.617882278564845352e-05
6.555873661582841772e-05
6.570715208472393729e-05
6.599919968822830381e-05
6.529430744605022843e-05
6.568600293679336722e-05
6.548964010992961641e-05
6.498192460814840679e-05
6.464446189009396182e-05
6.480757823472044535e-05
6.466695042822935742e-05
6.442447589546911469e-05
6.495992903401417388e-05
6.424717838343962158e-05
6.443579858463302132e-05
6.373908482734150195e-05
6.411554152789501401e-05
6.367335339437804967e-05
6.402955504344006224e-05
6.424892020299824457e-05
6.377867533039766740e-05
6.384148224518142439e-05
6.337838217179014725e-05
6.329360899636836781e-05
6.325927638888688713e-05
6.274099162226909202e-05
6.293693889518673073e-05
6.351643874168274792e-05
6.360299085807793844e-05
6.306967717401190828e-05
6.280966952533099728e-05
6.324508546712669771e-05
6.325847615291914589e-05
6.272740757289166661e-05
6.243226325449750748e-05
6.235643617665855010e-05
6.231599533001169072e-05
6.264362993680957332e-05
6.195276448471825209e-05
6.187448156313300914e-05
6.218550142404948662e-05
6.131290204608731936e-05
6.164497042124823605e-05
6.188674352671394928e-05
6.180817891401590145e-05
6.148312739094304383e-05
6.102727389005647854e-05
6.152347375288661163e-05
6.144278098210793535e-05
6.126342687973991639e-05
6.127601566142578391e-05
6.105414797792693812e-05
6.063164831606974320e-05
6.050447485758736271e-05
6.091347044872135868e-05
6.068968479267170652e-05
6.044589419306401672e-05
6.050160320098184162e-05
6.086192058236349859e-05
6.047087531454541624e-05
5.979953978673316199e-05
5.980993723341616381e-05
5.951683447992347955e-05
6.021636759432426366e-05
6.001196460252625735e-05
6.017572144137456206e-05
5.940624737405721941e-05
5.958587357039125585e-05
5.935251551419626245e-05
5.948555054178351160e-05
5.976221166629735169e-05
5.899946992686040019e-05
5.865225047614577896e-05
5.915549456256589348e-05
5.948088708266187021e-05
5.894207158366832690e-05
5.893715251277533936e-05
5.875504481381987339e-05
5.876704201821453195e-05
5.870072279850441590e-05
5.823508861931588602e-05
5.817682802918516902e-05
5.823862657607250084e-05
5.795531167384590813e-05
5.820340941792917028e-05
5.848472131511941432e-05
5.840078522067861582e-05
5.793502689059029984e-05
5.788459747280540538e-05
5.735459279185804726e-05
5.747568360038841451e-05
5.736961920551958069e-05
5.729100885858400271e-05
5.751107048890456122e-05
5.685949356391664428e-05
5.726709261890789674e-05
5.724318642202143618e-05
5.698047159795717134e-05
5.766089026442415842e-05
5.712913929671454530e-05
5.686755605938089624e-05
5.692093271130450974e-05
5.685504710099472547e-05
5.680574546942386403e-05
5.665949431599098622e-05
5.714788768172840276e-05
5.640320628086979498e-05
5.584154436837064867e-05
5.638619182269864717e-05
5.578194228179057893e-05
5.637791634933299420e-05
5.632998640589439982e-05
5.612651229135080398e-05
5.648577984382870603e-05
5.600087240238314849e-05
5.551453804699139818e-05
5.557611460074976577e-05
5.540390674308621219e-05
5.513036505564154771e-05
5.555810789891153843e-05
5.547155864682999258e-05
5.533840435186802631e-05
5.489520455891644542e-05
5.492735015768736198e-05
5.506680635244525510e-05
5.520047609646256044e-05
5.518090868621443914e-05
5.435104192530649012e-05
5.481504939313371034e-05
5.474173063760208604e-05
5.437573642973488161e-05
5.498528656327017288e-05
5.462137935324473084e-05
5.388395113347272140e-05
5.445244475100495854e-05
5.408402458306848343e-05
5.442252317891101642e-05
5.407236828486364471e-05
5.387086706147106062e-05
5.444067769441114825e-05
5.345166825941569279e-05
5.356847794710734641e-05
5.335763246222475419e-05
5.352301604582160874e-05
5.344178997864785098e-05
5.345586184340621398e-05
5.318916257780987260e-05
5.386927430400208135e-05
5.354894572796898986e-05
5.331283325117052991e-05
5.294063440972893105e-05
5.257848935389665515e-05
5.264456971389980781e-05
5.275218078363417591e-05
5.303318008149481287e-05
5.283443044347052234e-05
5.265398275812269580e-05
5.267515331826406967e-05
5.241914731614077965e-05
5.244985277859443620e-05
5.254096687216320617e-05
5.213245348299911242e-05
5.207521218261881120e-05
5.195748046121100895e-05
5.257089684357642008e-05
5.221743525821260167e-05
5.189509369352718359e-05
5.208742587133199193e-05
5.198325659978698487e-05
5.178293501767019581e-05
5.144198102719105980e-05
5.156532462239126282e-05
5.177179842628689386e-05
5.161715604648877721e-05
5.139906070694715321e-05
5.151412827317897961e-05
5.083338923609063054e-05
5.149433830216154477e-05
5.121995180960081998e-05
5.101076271579662257e-05
5.080923546193665186e-05
5.103671994526710280e-05
5.082300153927503926e-05
5.057343163818716627e-05
5.103515886085140276e-05
5.102840516939061226e-05
5.023957247560106756e-05
5.018989532667926762e-05
5.069212408541293321e-05
5.014885327577061220e-05
5.061210065611795796e-05
5.043847080048349904e-05
4.998937138506834727e-05
4.986409822080661245e-05
5.008957052372180646e-05
5.033085113622791807e-05
5.015805145419733788e-05
4.947889704708578567e-05
4.959330864340728406e-05
4.966991864373511894e-05
4.976956604294498275e-05
4.962217616065222106e-05
4.974271572293567650e-05
4.986055974549646121e-05
4.940702441688205293e-05
4.927561604454148850e-05
4.948051873643464669e-05
4.959347591506991029e-05
4.945077874731699380e-05
4.908663529026535102e-05
4.910440393394613590e-05
4.942305357406464965e-05
4.885113346564979063e-05
4.914230714910598584e-05
4.868560658431176356e-05
4.883102032874147121e-05
4.808160479297133520e-05
4.810016962842303981e-05
4.864623192296862428e-05
4.843935297072767351e-05
4.840245147597023787e-05
4.812929433363052011e-05
4.815076319633142764e-05
4.816284053824042034e-05
4.804969955999586242e-05
4.821293567476120742e-05
4.844217892672402441e-05
4.807948493895682068e-05
4.814703156330100270e-05
4.776742013512968766e-05
4.811742312791814731e-05
4.797702792433489394e-05
4.801276772419731196e-05
4.771675753318931637e-05
4.767496196411912478e-05
4.730476703860303652e-05
4.759168977389372271e-05
4.721357113917629399e-05
4.708340393923089663e-05
4.705926238026952049e-05
4.762940015325805714e-05
4.709707223313590183e-05
4.736490943380548016e-05
4.735377928234400265e-05
4.692734577731684026e-05
4.707812922561784908e-05
4.682262811438386233e-05
4.692001968004582611e-05
4.635202780544021422e-05
4.665688468141082650e-05
4.674267214210833603e-05
4.642851815243967281e-05
4.667102504349921702e-05
4.676568314590164743e-05
4.627104010993462481e-05
4.632518237670094129e-05
4.631381258305524763e-05
4.647604128069924353e-05
4.646013239909988168e-05
4.630029468107983796e-05
4.622998451396607961e-05
4.620021454424389347e-05
4.584400666083568459e-05
4.568009744966211919e-05
4.602246913107739697e-05
4.574672364628025342e-05
4.595454456086305804e-05
4.553710249988391408e-05
4.534952078951124283e-05
4.519340658174581595e-05
4.527506799956030389e-05
4.553331842803366898e-05
4.518277515978868153e-05
4.494426776972414075e-05
4.512398982922306330e-05
4.547605051581303900e-05
4.496022782817269222e-05
4.495936604151831148e-05
4.521011924088664413e-05
4.474419568846343010e-05
4.481767043099419649e-05
4.483483371713392943e-05
4.460819933062105047e-05
4.470606223339005373e-05
4.420636715562672596e-05
4.452559298704396724e-05
4.430563867730443319e-05
4.434913974951871829e-05
4.464923872138900279e-05
4.409875845744468033e-05
4.444548809898066569e-05
4.402621311448312759e-05
4.444598039268129590e-05
4.465993822236750038e-05
4.427624904911239541e-05
4.430218029495554364e-05
4.412703227403836753e-05
4.395651041822433279e-05
4.383319976576928017e-05
4.369741394998530423e-05
4.321609377257199728e-05
4.334637155773744615e-05
4.381851777681379447e-05
4.364248513208277377e-05
4.353861007672887683e-05
4.358770752815450776e-05
4.355459157798496629e-05
4.306725897008321100e-05
4.371205613256249001e-05
4.304492885000366298e-05
4.312208873118190532e-05
4.305302734723815805e-05
4.336695180643208917e-05
4.327041696032792929e-05
4.322717104643186513e-05
4.274400035791936503e-05
4.255077334871256687e-05
4.279119979839529403e-05
4.264381411991157258e-05
4.264020759895556864e-05
4.258288859548971760e-05
4.260024307428934663e-05
4.250138299436004080e-05
4.217455008560742880e-05
4.249389618802646638e-05
4.250113224088508380e-05
4.225425001068388697e-05
4.193326735731588541e-05
4.262956043088051691e-05
4.256674838781857994e-05
4.239700197555580782e-05
4.233781713922524659e-05
4.244057929825336274e-05
4.230416634398954050e-05
4.215790031018898625e-05
4.216051455612340049e-05
4.202602189630254775e-05
4.198649608757434778e-05
4.197075877082890292e-05
4.206512908417264296e-05
4.219772187945871185e-05
4.178204675198920299e-05
4.183101375184223474e-05
4.154155148287928166e-05
4.179234571561738409e-05
4.130164171449626195e-05
4.189236909109714745e-05
4.154079675058054271e-05
4.169051086965949856e-05
4.105178196656560004e-05
4.123322305395182434e-05
4.129910148651960597e-05
4.127833960828677115e-05
4.104891165476875635e-05
4.077038776546348768e-05
4.098309198216533043e-05
4.076850021279653088e-05
4.084386436620393937e-05
4.051152400008260161e-05
4.085473541052245570e-05
4.038659961664631579e-05
4.100953337400095150e-05
4.061545987724683493e-05
4.060032917512361889e-05
4.045990320845979247e-05
4.037670916262754131e-05
4.033223496246978167e-05
4.036299166328393686e-05
4.054797517780325789e-05
4.039094269608128267e-05
4.046619892589881968e-05
4.049964102732804739e-05
4.053706942915718154e-05
4.002007570835256422e-05
3.986403638511127641e-05
3.962982968161617159e-05
3.997882885888142106e-05
4.002042507903142890e-05
3.963978318670181606e-05
4.012278463695002407e-05
3.978445217257763723e-05
3.982178187905158564e-05
3.982341816193347338e-05
3.950302887519475411e-05
3.962382033059682349e-05
3.925238395200071644e-05
4.006041123239946440e-05
3.987991041170503098e-05
3.920472347947290379e-05
3.948105069930311038e-05
3.977205288434204514e-05
3.926298277788513216e-05
3.909218865625110737e-05
3.885206364128003075e-05
3.922044589671162395e-05
3.928004945338499398e-05
3.944058251238948172e-05
3.910903116543586763e-05
3.889657226991644697e-05
3.901481044331755462e-05
3.878256419839799140e-05
3.908531062180156451e-05
3.875489732871433273e-05
3.849065739001220364e-05
3.874754031751937101e-05
3.879999620434654631e-05
3.866829198428142176e-05
3.849314325596992457e-05
3.817907909449803574e-05
3.868254201833065621e-05
3.830758470337486025e-05
3.811429252651912921e-05
3.818649758291154311e-05
3.846867588006089447e-05
3.813883801473731493e-05
3.826854905982543764e-05
3.843553142128994894e-05
3.798777355862289270e-05
3.779785397808420181e-05
3.796136688544147917e-05
3.804279293725642939e-05
3.806654641897595488e-05
3.788197579311466430e-05
3.778301322866196122e-05
3.766993530245546772e-05
3.747017218530102978e-05
3.716349644904821497e-05
3.737572815077325227e-05
3.748550416411658724e-05
3.762285361306213198e-05
3.770711677537731481e-05
3.786634133349679943e-05
3.773386279175903037e-05
3.716723089058962526e-05
3.725493694795473402e-05
3.760453267600149423e-05
3.721238654994114668e-05
3.730600612283698365e-05
3.737187407147956133e-05
3.729259290780852427e-05
3.719700809961541649e-05
3.699324549371328549e-05
3.727524210148608033e-05
3.675765604394250576e-05
3.671221298833265599e-05
3.677584347985391443e-05
3.701997545753335023e-05
3.662151006735180682e-05
3.623915330770488595e-05
3.651815005420228408e-05
3.669460079613640372e-05
3.677315799173010630e-05
3.688912980790049086e-05
3.651406369111382137e-05
3.658678987302309954e-05
3.672627509906055670e-05
3.656773050619311087e-05
3.639376920341046856e-05
3.627535322457411612e-05
3.636536070930105973e-05
3.609574354802050990e-05
3.608631686303741541e-05
3.574064338776124672e-05
3.611414311259721928e-05
3.620242718662725518e-05
3.612024418517123520e-05
3.581656495053134754e-05
3.624524294244482357e-05
3.578575738385503122e-05
3.582702291400251748e-05
3.598558173574250587e-05
3.621107818515802374e-05
3.567247106416953056e-05
3.540185345622598792e-05
3.592825732711131228e-05
3.566061548163529686e-05
3.538320746297545210e-05
3.552507666493940762e-05
3.568880277146742536e-05
3.496145193187688322e-05
3.541417963480822541e-05
3.554445281845299205e-05
3.535199153925627362e-05
3.569065665427393724e-05
3.560434466507225308e-05
3.520813530915376628e-05
3.548888231191344106e-05
3.539256829249586191e-05
3.494571795525579873e-05
3.485106840771826043e-05
3.522452047997398021e-05
3.521140121451186885e-05
3.532174053879553040e-05
3.497896518202648855e-05
3.466110848535951575e-05
3.546300926915546656e-05
3.502245810574691076e-05
3.498006099344399958e-05
3.475319805090888828e-05
3.482440557109952196e-05
3.426719407935054768e-05
3.459148800376507120e-05
3.451762525415068208e-05
3.442857046131681198e-05
3.420581911213161985e-05
3.469943667075850658e-05
3.459008597885404043e-05
3.444881754259277980e-05
3.427921498285369135e-05
3.448141046239341456e-05
3.436161170823253460e-05
3.422190344507129370e-05
3.414605108365460784e-05
3.485070062457167826e-05
3.410515792742605288e-05
3.432647728087168804e-05
3.421261435633567833e-05
3.415603208777222771e-05
3.370849630671451973e-05
3.412290736185602991e-05
3.410477484334877544e-05
3.414728844264148622e-05
3.417250463976892103e-05
3.396518722374857342e-05
3.371474143749472947e-05
3.400243354781041545e-05
3.421025744375924896e-05
3.388672383873457723e-05
3.343679375419371028e-05
3.366146935827758069e-05
3.357273981613232268e-05
3.316396873601471266e-05
3.385269550415291411e-05
3.354634650582233324e-05
3.343118831772719479e-05
3.379387034264749349e-05
3.348656358218379423e-05
3.349184526965522899e-05
3.331841681966774519e-05
3.329848307732811101e-05
3.335243957792360313e-05
3.287138364986505479e-05
3.322671535720369320e-05
3.300542605690489170e-05
3.319881980291267815e-05
3.329374985082197985e-05
3.341249174887195349e-05
3.332462759434433346e-05
3.279137805494337384e-05
3.275112704242344127e-05
3.308268787008646544e-05
3.266372387619663036e-05
3.278334216323730620e-05
3.271369195176319108e-05
3.267866006071881816e-05
3.298243612838658935e-05
3.261295603073540426e-05
3.264966491547552179e-05
3.247953860583277719e-05
3.265282847399764854e-05
3.264227444980122707e-05
3.229793516495042734e-05
3.234640687288657028e-05
3.211318098263427702e-05
3.258428214206760817e-05
3.244052242246494222e-05
3.223987801025375658e-05
3.224506847222501494e-05
3.229885327694996647e-05
3.238645807465767790e-05
3.220933995281287821e-05
3.207716664259375826e-05
3.248550276679948407e-05
3.234791630558597324e-05
3.167470838777907484e-05
3.213880658286111236e-05
3.198514003295331115e-05
3.178822716378449520e-05
3.241175235794592079e-05
3.213393607643341314e-05
3.211892223714494783e-05
3.197614216796953562e-05
3.220006784641479613e-05
3.181028549003284101e-05
3.189025798553168152e-05
3.160634318099204206e-05
3.190303332979169484e-05
3.210487300229055091e-05
3.184198775421829782e-05
3.181706625437932638e-05
3.188059262200976024e-05
3.142255616210826825e-05
3.145138821848111253e-05
3.189295522096246069e-05
3.152865365243870144e-05
3.142853182422559972e-05
3.148503817737440972e-05
3.131459327881328246e-05
3.139621214337018801e-05
3.158130837551905747e-05
3.133621890899650664e-05
3.129303528872722201e-05
3.150954702574697828e-05
3.082065088747466179e-05
3.128611207228032803e-05
3.130574809866238967e-05
3.114236275094424010e-05
3.086928589149259366e-05
3.103497431588854292e-05
3.138223497343157993e-05
3.107479255086161680e-05
3.105300843575909233e-05
3.072450220001966034e-05
3.067400058116303863e-05
3.120198521863685862e-05
3.096017410434707739e-05
3.056141045763380456e-05
3.100021979179675010e-05
3.069399249223939336e-05
3.104356978030759878e-05
3.084752552689664908e-05
3.072695246063361434e-05
3.101211941530314690e-05
3.057645713839117377e-05
3.052938257289681580e-05
3.094294096965626809e-05
3.058610965047601067e-05
3.036244963191733263e-05
3.052649443382751763e-05
3.014697979285005931e-05
3.034426366898706451e-05
3.049954581494181458e-05
3.037164223418440371e-05
3.037118537303572620e-05
3.019238514822879872e-05
2.998461608460852322e-05
3.010889804977656220e-05
2.987136755135311503e-05
3.043924913211857171e-05
3.008311170468766467e-05
3.015031592113555961e-05
3.008291484910548226e-05
3.006418132235606796e-05
3.049247054275324177e-05
2.971204537582115889e-05
2.990851371852804968e-05
2.955462035508928760e-05
2.985824513895134156e-05
2.942900645627844633e-05
2.976627560922931963e-05
2.972545129969874023e-05
2.987296620568756907e-05
2.988195206192323288e-05
3.018239218800018814e-05
2.945485441161827195e-05
2.971035664176847055e-05
2.944068191945088854e-05
2.976325600882362668e-05
2.936974840958111706e-05
2.950582672553823683e-05
2.951968203081727315e-05
2.968749472478688923e-05
2.935543515112561531e-05
2.942930322765566743e-05
2.924528737748527155e-05
2.964693934752784591e-05
2.969216820555147673e-05
2.934731929551411640e-05
2.914308283244263157e-05
2.919656622783782708e-05
2.946652342374148905e-05
2.929044245211437423e-05
2.934531552612107389e-05
2.917394485294990167e-05
2.895291520743543764e-05
2.940448413480236181e-05
2.892264399339917411e-05
2.927634919663062843e-05
2.910208118835098796e-05
2.919482696049369649e-05
2.914214803511182096e-05
2.923472742569950487e-05
2.902425447224258950e-05
2.881682131897616439e-05
2.897526604231593701e-05
2.853332436658928900e-05
2.875410202008664960e-05
2.889190719647164292e-05
2.876925660057544888e-05
2.889067639647119822e-05
2.887589718220225972e-05
2.858347334860053058e-05
2.855822353671636228e-05
2.859478395402643530e-05
2.842451321679116859e-05
2.862659720119233066e-05
2.878355889899604191e-05
2.851190425229561227e-05
2.851436177526789708e-05
2.835928367909372873e-05
2.817811836163704718e-05
2.837961840667791371e-05
2.816033627467004081e-05
2.880757149129501918e-05
2.793436325494922626e-05
2.845891729229692402e-05
2.838896398138423204e-05
2.854364741719404099e-05
2.815047437953839066e-05
2.811619329194028425e-05
2.806668980087731564e-05
2.818353911575013421e-05
2.844759947113567567e-05
2.820958281118948009e-05
2.802015258771003458e-05
2.779948731411195818e-05
2.790444030673336400e-05
2.825331391257956688e-05
2.817858274803635335e-05
2.822421016793133649e-05
2.798407261802463242e-05
2.797811589418169461e-05
2.783393536800796549e-05
2.764844054208334312e-05
2.813099883819016728e-05
2.778476918081272212e-05
2.793077936574759964e-05
2.750433547214974035e-05
2.787683000546565886e-05
2.790395799485597325e-05
2.784692062235863099e-05
2.732737145508012908e-05
2.782101921339159967e-05
2.777243645075742293e-05
2.762781967398249860e-05
2.752500943995598334e-05
2.759973460124834566e-05
2.761548764260674747e-05
2.739851027105729840e-05
2.722507973368316138e-05
2.726864644529243466e-05
2.742872783816560769e-05
2.727031795873049620e-05
2.761476532656591889e-05
2.711020965736267817e-05
2.730202487952222357e-05
2.732582873366342681e-05
2.757233848262941991e-05
2.740822399408346326e-05
2.719066969491487854e-05
2.715253235103738783e-05
2.704004960803668822e-05
2.714576416238819817e-05
2.716126676748649817e-05
2.704997687272087264e-05
2.732756740719186390e-05
2.703180633774690403e-05
2.725781703140846447e-05
2.675615496971272080e-05
2.669133055581527654e-05
2.702354531408047698e-05
2.719685606760527069e-05
2.683275260521756031e-05
2.656279673480176775e-05
2.664900947657042270e-05
2.695895305473281807e-05
2.687490111800132052e-05
2.676491642315590418e-05
2.644696083149788524e-05
2.687378635077280483e-05
2.688735112935428627e-05
2.670161436732104539e-05
2.659587367336402371e-05
2.648193150907497632e-05
2.636012263881661134e-05
2.620430044912037463e-05
2.635290458230865672e-05
2.643185747064374612e-05
2.632900639567126625e-05
2.652215122259209745e-05
2.642905237892007999e-05
2.658348440386511960e-05
2.663046089589199552e-05
2.634449733634824871e-05
2.627103980509568846e-05
2.648967490856970829e-05
2.623372331774024142e-05
2.604669796161629240e-05
2.601307674890806078e-05
2.618594838239810023e-05
2.620808528801168636e-05
2.629304311910185307e-05
2.609112853895787729e-05
2.618405883767847871e-05
2.617380789986356024e-05
2.613076675500165973e-05
2.600098044047271040e-05
2.615893405870770201e-05
2.588570106991019423e-05
2.556774392742037209e-05
2.598821264840594963e-05
2.616306467887313114e-05
2.612087531945971020e-05
2.605676380220425342e-05
2.625743372426512416e-05
2.570826650375155722e-05
2.595922153661259178e-05
2.599792056037519386e-05
2.560847796003441092e-05
2.549346344292479152e-05
2.585571509922582182e-05
2.596342393809825127e-05
2.544140966539853055e-05
2.589959472021530865e-05
2.568608668871114897e-05
2.572313256454660752e-05
2.598907604318311109e-05
2.559070674585085207e-05
2.549316437807065555e-05
2.560187953549186317e-05
2.544377841503970845e-05
2.538940981880238520e-05
2.565028418901942078e-05
2.535274889659044960e-05
2.558411956854159903e-05
2.511957797096175460e-05
2.544971989216204608e-05
2.526616425632025422e-05
2.551010335841690584e-05
2.538150431939765073e-05
2.540003712401202904e-05
2.499671561626874979e-05
2.534555921759950941e-05
2.535313619680912653e-05
2.501135654700126882e-05
2.534030591425667591e-05
2.533298223992253324e-05
2.499889026835093540e-05
2.499207163767127308e-05
2.524336126588131406e-05
2.519301110361546448e-05
2.520731008042061049e-05
2.488687452967175805e-05
2.508533180250731867e-05
2.520283520210203859e-05
2.483680790047121059e-05
2.506243273582210542e-05
2.519656234705679629e-05
2.484976571510207839e-05
2.530680913323525799e-05
2.490416864293105173e-05
2.481227715570928744e-05
2.495510387523140847e-05
2.477925449253676960e-05
2.474264896147663657e-05
2.499642550635212013e-05
2.447108332064949285e-05
2.421985769518707267e-05
2.471331072776867545e-05
2.441758690846319843e-05
2.455778719370416832e-05
2.454506812890722931e-05
2.467284201838441666e-05
2.457632804468408514e-05
2.449079555700321711e-05
2.485033697058564871e-05
2.459840816709724903e-05
2.459447756429377315e-05
2.447209155026963930e-05
2.429414987905794746e-05
2.473212919694531709e-05
2.441410021505318879e-05
2.421166431839422538e-05
2.425187911402460047e-05
2.443072131050275656e-05
2.410217082888551268e-05
2.421651873945833338e-05
2.430883380219893807e-05
2.423233143453247578e-05
2.437231730658381268e-05
2.447662381013312411e-05
2.422130967135925855e-05
2.418111263505743033e-05
2.412489287590502223e-05
2.414395718287871991e-05
2.419712346877548912e-05
2.391719882127585424e-05
2.420396852501467306e-05
2.436312937452036429e-05
2.436806726083498128e-05
2.413847319407347181e-05
2.420856876325887112e-05
2.410162736729566833e-05
2.401059940821863921e-05
2.379676597476966600e-05
2.371505541168549984e-05
2.385539260923384133e-05
2.379199524175613044e-05
2.370384957608161439e-05
2.410696319033431401e-05
2.403755166034464715e-05
2.403087592952865952e-05
2.404538607899422175e-05
2.393905577157398322e-05
2.378512282609007510e-05
2.375383150001089520e-05
2.384236074457588722e-05
2.377415004139338210e-05
2.359570664881392038e-05
2.358055807733660611e-05
2.406195832391324878e-05
2.368700675822156489e-05
2.338512882889519091e-05
2.358217762178447719e-05
2.393861025657596859e-05
2.377254491042218271e-05
2.324237524947004560e-05
2.357578693980140225e-05
2.337275349879732879e-05
2.322415895437657084e-05
2.351014643952351889e-05
2.314652961762730284e-05
2.344180867176404105e-05
2.350399526453298061e-05
2.339970037598501881e-05
2.349904127468362868e-05
2.314377228406065440e-05
2.332336194040697367e-05
2.340454501943680648e-05
2.326812582000835439e-05
2.317165840087054857e-05
2.342143358216298266e-05
2.331623556431470609e-05
2.331877638596825398e-05
2.335339952277545322e-05
2.319122831204069250e-05
2.315790188706907425e-05
2.343441468628873210e-05
2.316992764983391971e-05
2.316516208881375498e-05
2.326640793596205939e-05
2.278097395022844545e-05
2.286064719534487065e-05
2.274150575780763776e-05
2.296557101498478853e-05
2.295223725460465453e-05
2.301601275780214693e-05
2.281587780128128926e-05
2.296182184897960690e-05
2.306723149327079874e-05
2.282373255131620897e-05
2.297206529566379668e-05
2.282594250071010570e-05
2.292534129359849007e-05
2.257996181627827933e-05
2.286287723412209333e-05
2.277103259142894461e-05
2.281883965025464987e-05
2.274986231183521667e-05
2.261322608394373323e-05
2.292545414671229333e-05
2.258467132725666603e-05
2.273115802950408058e-05
2.270597213041016752e-05
2.253870253131095072e-05
2.260314366565146824e-05
2.283185170792427233e-05
2.273435038814598740e-05
2.279624550807737209e-05
2.277351102002965748e-05
2.259378435533357734e-05
2.241206625524560503e-05
2.256368226252535258e-05
2.257623105597048423e-05
2.254939781600492736e-05
2.236396773502284961e-05
2.243551840535802338e-05
2.240881593885210717e-05
2.234912858257484373e-05
2.245931279318236998e-05
2.245299479830403653e-05
2.221384068147781330e-05
2.200954306642388078e-05
2.226076691631278409e-05
2.237774999895917032e-05
2.240456070991342705e-05
2.235920004713016102e-05
2.189798768758307476e-05
2.217358642904756723e-05
2.188283989645260341e-05
2.204583689879052963e-05
2.179451601220612752e-05
2.229787274060961576e-05
2.233762787283062815e-05
2.206205668866350513e-05
2.188131807240729955e-05
2.218090563615867744e-05
2.219492866713052164e-05
2.204771396984342883e-05
2.238365139079809111e-05
2.224686121538484095e-05
2.217766076266985487e-05
2.221798600455388096e-05
2.183000381160352511e-05
2.213108425484166489e-05
2.220082780004643027e-05
2.192722662889569872e-05
2.189102921110295548e-05
2.171733411721280473e-05
2.197513144884300661e-05
2.166749607292099651e-05
2.195975319048626217e-05
2.182763194500958267e-05
2.149345756365795532e-05
2.184468166667931664e-05
2.176423644200983806e-05
2.152536961922747556e-05
2.171600208961817858e-05
2.167382248831427650e-05
2.153659865484409307e-05
2.175691766242503512e-05
2.150656838930184575e-05
2.161587090333136693e-05
2.162868648629751229e-05
2.118443114887849673e-05
2.163230706834562352e-05
2.123565421750631571e-05
2.133802449307906491e-05
2.121296255808807865e-05
2.147596744311556794e-05
2.120791790204520338e-05
2.135169538185644278e-05
2.172891754780283545e-05
2.165372471134355598e-05
2.162485296516786901e-05
2.149443650871366365e-05
2.150556065264108829e-05
2.141333752686433740e-05
2.129936631523113966e-05
2.131313509811168740e-05
2.146363024803924413e-05
2.106939508468851050e-05
2.157757262915980506e-05
2.130318970564954112e-05
2.151337430018569681e-05
2.121382565050144748e-05
2.139958683822681929e-05
2.117274700862917524e-05
2.121242779298362335e-05
2.116746630463638935e-05
2.117130525325882823e-05
2.125666863086962929e-05
2.130232607350356975e-05
2.095416342784461430e-05
2.147635475480027577e-05
2.104327187172717938e-05
2.142860021320266867e-05
2.072472269060693289e-05
2.107567039431336962e-05
2.121548800862761087e-05
2.133025939360110553e-05
2.132295919827194441e-05
2.093182459114840442e-05
2.101661508327464393e-05
2.070491452793204163e-05
2.067323045211448036e-05
2.085334321351668400e-05
2.104364789427907775e-05
2.088765689628021486e-05
2.092717407244578339e-05
2.093628697154626176e-05
2.080743837082883963e-05
2.074795171910175079e-05
2.085958981187553617e-05
2.089849666131050657e-05
2.070463734802954737e-05
2.088244245791411914e-05
2.047067881949074281e-05
2.093802658884436182e-05
2.065310014055681719e-05
2.047872317353236889e-05
2.068981587507784633e-05
2.073528008952769941e-05
2.072847737206904453e-05
2.052187301704295032e-05
2.068211964395512954e-05
2.057428138108382810e-05
2.077518905902402097e-05
2.059499683485952278e-05
2.059081746607584323e-05
2.078493056254315262e-05
2.063198912561299545e-05
2.039930816647359714e-05
2.040076500645178270e-05
2.033807249525235907e-05
2.055050520082714739e-05
2.032947890226592837e-05
2.030130315109000998e-05
2.046498474774148627e-05
2.029791161062544962e-05
2.039966529607568240e-05
2.038584135973072465e-05
2.037109065744702584e-05
2.043926051215107513e-05
2.048323067669290993e-05
2.047160684963195135e-05
2.045147954678473612e-05
2.024958458848920097e-05
2.053876362473935468e-05
2.025980977318161505e-05
2.024611736143478179e-05
2.046558744708881148e-05
1.996871661616451672e-05
2.031952540638384575e-05
2.052062218040595417e-05
2.024797806582073797e-05
2.003282974861743089e-05
2.008974635849961130e-05
2.026174765717041529e-05
2.015874840739739456e-05
2.021205261161683071e-05
2.008562853914506275e-05
2.026041928882996661e-05
2.008859836440902102e-05
1.970371322132618679e-05
2.022057340752336704e-05
1.988130319649444264e-05
2.007503825116323682e-05
2.033796309162794446e-05
2.019116479390369563e-05
1.989413970878133058e-05
1.983965154135833501e-05
1.997064139576618384e-05
1.973494091383235662e-05
2.017785405940808848e-05
2.015644495135917918e-05
1.995784654305291045e-05
2.016320145963323656e-05
2.008050415060587618e-05
1.995737488726779008e-05
1.993859193134139710e-05
1.967316426607687896e-05
1.983715022906686751e-05
2.006311859153910642e-05
1.973127980465385045e-05
1.975546170858749655e-05
1.963928883004344568e-05
1.993369162679581641e-05
2.012464830576542109e-05
1.958205649165941338e-05
2.004297659524880080e-05
1.963622145064632661e-05
1.957539765564238755e-05
1.989533742748770658e-05
1.994053607811025969e-05
1.969814136998625039e-05
2.006033602902274046e-05
1.952304541421602717e-05
1.969075696697389431e-05
1.959253265298141589e-05
1.943725545582849151e-05
1.955514224106108420e-05
1.957633582636908044e-05
1.922683641604969399e-05
1.952468563856876591e-05
1.933663712863017438e-05
1.961948797609014839e-05
1.968024192297342242e-05
1.953465107804280409e-05
1.940564963720016884e-05
1.948852027839808254e-05
1.957897948335448528e-05
1.925205336200934181e-05
1.930544239355295560e-05
1.926535012940962943e-05
1.930035499189322652e-05
1.963278660881700056e-05
1.928401225175303517e-05
1.935325518150505250e-05
1.897176411177778983e-05
1.971605132800620922e-05
1.923672163713341829e-05
1.946210467670451372e-05
1.910260443966287991e-05
1.908445789643040003e-05
1.929524762498637357e-05
1.927947332305607922e-05
1.920953788150077873e-05
1.916303475879099180e-05
1.910022355820966756e-05
1.918588330578906400e-05
1.907121587585122971e-05
1.892219030522217902e-05
1.953529538908152361e-05
1.902139768324319149e-05
1.927540260611195961e-05
1.924129427821610829e-05
1.918076238051756818e-05
1.932748907186763266e-05
1.933806618132019329e-05
1.941363944027803926e-05
1.907269091844927033e-05
1.912854199132299089e-05
1.922455571720746453e-05
1.880750541777263761e-05
1.914904210311921471e-05
1.899766824197798902e-05
1.858091041330505873e-05
1.901878958602515354e-05
1.907448630534371565e-05
1.884177020182830120e-05
1.887511828331662797e-05
1.870738414205777198e-05
1.859392368975641634e-05
1.878280516662803965e-05
1.915773520814042049e-05
1.904816468116929320e-05
1.884957303004109350e-05
1.891424582441423924e-05
1.846730098178931130e-05
1.911524535404592395e-05
1.886963990581734524e-05
1.874958536326114489e-05
1.875256883289212840e-05
1.888092263604436281e-05
1.860828526681132788e-05
1.864016981600164117e-05
1.863019843863516247e-05
1.848942036089660948e-05
1.869743289726258966e-05
1.876891446536027133e-05
1.831088745023856968e-05
1.877520967908593181e-05
1.867956838380488801e-05
1.853875526628414948e-05
1.857508080937115500e-05
1.875677142770942603e-05
1.869750295144960968e-05
1.864597342200084048e-05
1.848680235707892203e-05
1.889432868592720574e-05
1.848329186348685542e-05
1.865841826694004133e-05
1.864396411902125597e-05
1.847540970908252274e-05
1.871781840439483172e-05
1.837977214487046055e-05
1.843665657102204247e-05
1.880620230471544588e-05
1.843822528114418157e-05
1.840344940369746600e-05
1.886248131979187747e-05
1.845814232872985839e-05
1.841091786193639035e-05
1.833033983331636303e-05
1.848442363400551458e-05
1.844441627785847512e-05
1.861554638707808599e-05
1.832689188101961338e-05
1.843194939970315828e-05
1.839626046177561959e-05
1.829889209942371772e-05
1.849792181050101457e-05
1.819678223059734978e-05
1.806897192418690156e-05
1.841411631570936003e-05
1.823086074389984780e-05
1.849851972202626413e-05
1.837458505103187247e-05
1.824774922018889686e-05
1.805048203821196372e-05
1.808890141928278100e-05
1.803251243044596213e-05
1.831077345324138092e-05
1.821548897883120864e-05
1.814928035870843901e-05
1.818033306430667665e-05
1.804494050052643582e-05
1.793802243912648469e-05
1.809899985333260025e-05
1.800898192236662903e-05
1.824196515998739005e-05
1.810419959017722197e-05
1.808864755147407855e-05
1.785617678324443548e-05
1.804266758944554115e-05
1.809038385740665018e-05
1.807881820967957698e-05
1.803842351802216847e-05
1.801119914775027638e-05
1.811734494970201800e-05
1.809943849510156801e-05
1.772174150755071625e-05
1.792041086558997487e-05
1.796548971221780704e-05
1.781877497938807783e-05
1.776946033335032507e-05
1.781284338450606045e-05
1.786716880453242853e-05
1.768092733696552486e-05
1.793258158375217611e-05
1.764232272659111561e-05
1.745656392212250983e-05
1.765016221778528135e-05
1.766448003074654245e-05
1.776434387916685272e-05
1.775562339052261533e-05
1.767201161064315120e-05
1.778801224654485600e-05
1.767668754798617709e-05
1.775199952911801193e-05
1.762487134287002145e-05
1.759812580929969808e-05
1.759872149348591029e-05
1.781518438534373923e-05
1.778627102199771681e-05
1.760168023096504416e-05
1.740449573710667371e-05
1.748225199167274016e-05
1.772140069812100718e-05
1.757864615188109208e-05
1.749612927724229238e-05
1.774152468830349113e-05
1.764496662503228466e-05
1.783866347824777986e-05
1.750500944847341908e-05
1.756874367612989553e-05
1.766395515978798063e-05
1.745078402795833354e-05
1.766462700493459111e-05
1.772800289702246602e-05
1.748512188702089544e-05
1.751481404339325941e-05
1.714701860940320331e-05
1.747737865021366067e-05
1.731662096303855552e-05
1.748589238635580282e-05
1.766635277673328803e-05
1.725884361352893773e-05
1.712360466452312143e-05
1.720442401301686670e-05
1.749707791338702076e-05
1.751918727490524541e-05
1.744497202833279460e-05
1.726820620423116817e-05
1.745571057860350383e-05
1.727393709224336716e-05
1.706258513315949554e-05
1.725096393111444200e-05
1.715267709249898248e-05
1.739199788712931922e-05
1.742321697221858241e-05
1.714769888260416332e-05
1.754740057622555078e-05
1.703751491572020663e-05
1.745213309355258887e-05
1.734749138370606222e-05
1.717600841885709591e-05
1.738449564483415385e-05
1.724776431047669720e-05
1.746409720208854207e-05
1.723596590247918517e-05
1.725580315639693577e-05
1.703021993689039375e-05
1.703364676076818271e-05
1.727787144525198623e-05
1.708305759409035733e-05
1.691482459090868834e-05
1.712300355553030920e-05
1.691131020389024183e-05
1.708907762861621747e-05
1.708293268991451167e-05
1.715492732616655811e-05
1.706881342195664604e-05
1.673993760752728665e-05
1.711293403283808476e-05
1.696498367115454280e-05
1.679582582740421002e-05
1.672023647148432356e-05
1.685701937121339194e-05
1.672950951868830373e-05
1.694895017620964950e-05
1.675015396973586024e-05
1.720109134569211548e-05
1.685668557577502645e-05
1.701821322755348159e-05
1.678223353426090892e-05
1.655339704103140242e-05
1.677995256683310047e-05
1.665417532291653432e-05
1.680905211488046308e-05
1.700384161921708357e-05
1.693569110229502372e-05
1.677364217668550239e-05
1.691551593326406439e-05
1.717340602162452449e-05
1.711563880905139006e-05
1.672421948480442365e-05
1.662275278375012797e-05
1.667453512385505500e-05
1.684529000482653480e-05
1.671830586527800900e-05
1.649685320629778063e-05
1.668980035300908249e-05
1.668547039671544927e-05
1.674516583652300425e-05
1.659612300436269890e-05
1.662325327103764653e-05
1.667415512290547399e-05
1.651414384434155016e-05
1.652597048967548827e-05
1.665922519878654021e-05
1.634919316812689558e-05
1.682563827613559455e-05
1.635786290174883357e-05
1.637179457906043540e-05
1.630023410530735074e-05
1.635327986853334108e-05
1.628634647509912949e-05
1.645482125552780837e-05
1.651810632362243924e-05
1.639906122681607727e-05
1.662722460640831681e-05
1.652978281905559093e-05
1.663855125892820691e-05
1.627795207434168064e-05
1.653091541169843170e-05
1.667856105739039870e-05
1.667062516006645302e-05
1.640782589447284764e-05
1.647317353725636906e-05
1.625404803091339765e-05
1.647828632026859816e-05
1.617761681407008703e-05
1.630534309547647184e-05
1.655034474186331054e-05
1.647373020942709024e-05
1.616589568494454984e-05
1.632231264347664641e-05
1.614013114458400397e-05
1.633792149146691254e-05
1.631781917575981106e-05
1.632706722202430119e-05
1.633496892734839220e-05
1.630165727096963708e-05
1.628830628864582061e-05
1.612399977622270460e-05
1.614723231285535384e-05
1.608013687198180523e-05
1.631243310691295615e-05
1.618837985772282994e-05
1.597622856820785924e-05
1.642153029342123278e-05
1.599591200176322099e-05
1.627675208033176966e-05
1.617133233133422664e-05
1.612638313099440978e-05
1.611971427524484611e-05
1.623615848603358067e-05
1.629803926411310493e-05
1.617052137295348343e-05
1.610861251976663979e-05
1.622944876447226180e-05
1.614462120344125622e-05
1.616452813837846892e-05
1.601900120422318724e-05
1.619602213710726377e-05
1.614537023752427524e-05
1.584577515837946892e-05
1.622162016478902530e-05
1.628389681209220540e-05
1.593491544151916947e-05
1.601785911057022310e-05
1.629995197531812923e-05
1.629406931610947272e-05
1.615650449605871084e-05
1.583006112618710881e-05
1.586946369663190339e-05
1.594310940241325201e-05
1.578386862676113713e-05
1.568115328441779672e-05
1.614479294374939494e-05
1.586606881630356388e-05
1.598721076817674708e-05
1.580962478132583092e-05
1.580757113159523679e-05
1.587437043674224556e-05
1.591162221751734471e-05
1.567219889208474253e-05
1.587111796453643181e-05
1.580174959699704986e-05
1.608440901867473459e-05
1.580734480941300274e-05
1.569524109519787429e-05
1.576592632118350480e-05
1.578366934450265300e-05
1.594000177965842799e-05
1.579019963878450729e-05
1.577639112112147186e-05
1.586484345289002643e-05
1.578774486922786507e-05
1.600775573627776817e-05
1.579740813910614818e-05
1.606394936377861902e-05
1.552477197596512933e-05
1.571812267320401031e-05
1.600797182936058115e-05
1.568215679662616566e-05
1.581338771540764020e-05
1.585105317046980842e-05
1.562092761604075248e-05
1.573340280875098451e-05
1.556826291840642424e-05
1.561284304088927713e-05
1.564926453617898857e-05
1.555220489550003448e-05
1.575397848417306381e-05
1.584117323268906759e-05
1.539753463848299940e-05
1.568480344743935478e-05
1.543907746917288072e-05
1.559291321135605198e-05
1.575345061895541869e-05
1.580014823075091035e-05
1.555826903950178973e-05
1.551068199745366769e-05
1.523507805289789775e-05
1.543090485052049619e-05
1.540827904336385722e-05
1.582057547854878076e-05
1.570110075542162907e-05
1.552614211245659202e-05
1.574296132695255079e-05
1.561934232143226230e-05
1.555159707534963908e-05
1.532623522476871521e-05
1.544102404699441015e-05
1.559779571354273466e-05
1.543511583483467165e-05
1.526414884984045125e-05
1.530096970483997793e-05
1.545677925326563630e-05
1.537000385670033597e-05
1.544269840615353310e-05
1.528363570682992904e-05
1.522064900396341146e-05
1.540894022353565080e-05
1.522276905027240784e-05
1.549631584203816715e-05
1.525859768280171390e-05
1.533407944167238971e-05
1.552555544646194510e-05
1.512703119144758019e-05
1.531759023986689624e-05
1.532289059329621287e-05
1.536326299318873487e-05
1.527335570998341490e-05
1.529628260270729176e-05
1.522093501477102910e-05
1.524532814548788620e-05
1.525993120916962706e-05
1.533360074466047244e-05
1.546657834519809811e-05
1.519046730520919253e-05
1.507660200705795057e-05
1.531313767384128132e-05
1.530245944865321560e-05
1.522440811834882542e-05
1.500972280577680976e-05
1.512632762801016966e-05
1.541963097654847867e-05
1.492767304539153905e-05
1.506970313134628436e-05
1.507483723594676487e-05
1.506316442895535170e-05
1.510051047928793116e-05
1.505470931930639095e-05
1.548423346251628983e-05
1.504853538364341483e-05
1.517488677326269917e-05
1.502672275385994798e-05
1.509131234112311753e-05
1.491949383872918603e-05
1.507392752084188943e-05
1.497165640674762918e-05
1.508968310387565243e-05
1.499246353922954594e-05
1.535709613095964687e-05
1.478249100806410591e-05
1.487224230486078265e-05
1.512797562583567152e-05
1.496609428848558047e-05
1.496428112222997955e-05
1.485041514461859751e-05
1.475632535462343820e-05
1.486832861325546508e-05
1.479656082775202149e-05
1.472330841646074205e-05
1.485730054934979011e-05
1.466369254902087245e-05
1.477325513465729138e-05
1.492257883535867997e-05
1.490035611530644618e-05
1.494868148783440707e-05
1.502837880198868359e-05
1.484547214928676563e-05
1.490338571095154363e-05
1.504829488455739094e-05
1.505080491193976494e-05
1.491884493770650685e-05
1.488487774569696036e-05
1.489761922805041897e-05
1.493181836684679053e-05
1.480585798972275453e-05
1.474465512739808686e-05
1.460317322653465596e-05
1.492701000482303635e-05
1.471219117301415688e-05
1.456852316944566895e-05
1.475465911266498298e-05
1.487840275821062806e-05
1.490870330292949880e-05
1.475335246714221822e-05
1.461641457604850945e-05
1.490501959790032260e-05
1.474725592276847426e-05
1.481362995042613332e-05
1.460156117902196778e-05
1.454494522875199121e-05
1.476964254711560081e-05
1.452126443939615186e-05
1.482748246672979474e-05
1.441927494896694690e-05
1.464526144926973469e-05
1.476609192333163838e-05
1.460778894223834241e-05
1.454916721603338416e-05
1.459982459778990876e-05
1.455549250797270368e-05
1.447897773428394461e-05
1.450927769982335143e-05
1.487912745148499850e-05
1.451178836640277270e-05
1.439612429757745502e-05
1.463521318938405020e-05
1.445046827955240671e-05
1.443953654567642219e-05
1.439954105441836398e-05
1.452364659020840396e-05
1.440725595971917853e-05
1.448597251374239771e-05
1.455900858079470247e-05
1.450759659062312523e-05
1.429092867467122309e-05
1.438979533194210728e-05
1.457170421869729237e-05
1.439530530913157698e-05
1.475830215202764798e-05
1.459550988968062489e-05
1.432131019403345095e-05
1.472534954321045222e-05
1.455509083322003532e-05
1.420185771322072466e-05
1.440029808622768759e-05
1.424077704569593809e-05
1.431464963589927442e-05
1.440957490889335305e-05
1.449608194269703774e-05
1.438359379871574493e-05
1.417826986073174815e-05
1.450273778620253461e-05
1.447317310736339973e-05
1.424424702032652424e-05
1.448440543093071067e-05
1.424984294547639903e-05
1.413734132055373012e-05
1.420549903383627814e-05
1.439865653366693645e-05
1.420724483607076591e-05
1.420456318271117307e-05
1.417469095793574283e-05
1.431114760846972549e-05
1.396345035320539280e-05
1.434720264868077130e-05
1.431717330055899435e-05
1.418315003399880633e-05
1.426705638122660271e-05
1.405723840772060390e-05
1.427325301940026556e-05
1.421985903701735270e-05
1.392351730492745095e-05
1.411836822554596910e-05
1.411951514483482632e-05
1.439000207928380845e-05
1.431433582942576509e-05
1.409952662218608347e-05
1.399531071379498010e-05
1.418943963141642122e-05
1.416642450277290206e-05
1.403903353984111682e-05
1.426198848072311766e-05
1.405755886439151954e-05
1.388302726910908559e-05
1.396258289241106523e-05
1.427777283012833886e-05
1.405615305474230023e-05
1.422218716269848347e-05
1.398776630945918822e-05
1.393223421910494307e-05
1.417826623389254918e-05
1.408283877400075081e-05
1.403539986278573745e-05
1.396009146790627108e-05
1.382951219177961269e-05
1.422440674150698767e-05
1.409925921099731681e-05
1.423649126462292037e-05
1.401096327464621897e-05
1.403650862357158528e-05
1.399591539555404950e-05
1.411652168381599031e-05
1.391750192877947651e-05
1.395286858975107782e-05
1.386165119481268785e-05
1.372506410972461745e-05
1.388221618549487857e-05
1.392537712897408762e-05
1.370525769821422687e-05
1.379430929136337135e-05
1.401847882618962079e-05
1.407352178066604979e-05
1.391772246930363997e-05
1.386900785640614237e-05
1.381283427379010581e-05
1.383854082962276861e-05
1.372174442920112159e-05
1.360855641496598443e-05
1.394363653565013238e-05
1.391598387402466390e-05
1.363084249835242733e-05
1.387372776627825876e-05
1.389170161007565363e-05
1.351652993152333628e-05
1.377946662610168526e-05
1.381284085229477899e-05
1.373675792380769109e-05
1.375896539145189147e-05
1.369962409748487866e-05
1.362079352533351098e-05
1.405526901617333616e-05
1.378360841195334550e-05
1.364567756257836785e-05
1.348319278139173738e-05
1.367802573945636318e-05
1.369492099564098115e-05
1.373444165189475114e-05
1.382249453824587725e-05
1.345520392162517689e-05
1.377683543315733220e-05
1.376118587835283949e-05
1.376791142380687635e-05
1.363290122013074645e-05
1.337152614527348415e-05
1.367542428260673072e-05
1.367546484073610055e-05
1.365933356221605038e-05
1.376972084152038842e-05
1.348155940752706926e-05
1.361964783844005321e-05
1.361661168270929863e-05
1.355505609744416917e-05
1.365467800221820620e-05
1.373317872375924060e-05
1.368087797727645356e-05
1.366257361177090623e-05
1.372000624018264710e-05
1.374066458662877847e-05
1.339231026940179131e-05
1.359234157860887113e-05
1.341584662201362736e-05
1.347632957586757801e-05
1.356266162329738309e-05
1.325758074295409425e-05
1.346666541751134741e-05
1.355517952223614715e-05
1.356291756139715411e-05
1.346774077677985596e-05
1.350023730374394929e-05
1.370583713900293610e-05
1.349717664943831205e-05
1.348304281070118275e-05
1.349066538594129964e-05
1.347026436896959685e-05
1.348086853178157790e-05
1.360029003622686751e-05
1.340167017359835430e-05
1.328354326589460284e-05
1.355199049816315047e-05
1.330820898994665102e-05
1.351655449033397766e-05
1.355628506736166725e-05
1.336538838158888787e-05
1.343353592645574215e-05
1.334096614910060609e-05
1.334743047342333542e-05
1.333554915791421618e-05
1.338502959481472219e-05
1.314804489231321494e-05
1.357362307156706853e-05
1.370701788143889454e-05
1.338759745171600851e-05
1.342841121253284180e-05
1.319012987640063863e-05
1.327568061571102348e-05
1.323903934237591448e-05
1.337951709051758575e-05
1.325075505400118505e-05
1.318232000662817734e-05
1.321923782253171962e-05
1.333008548618683910e-05
1.359951044376382367e-05
1.347989787364004913e-05
1.340833215284714028e-05
1.334482632977256839e-05
1.359538618172194232e-05
1.330355880775418390e-05
1.313815183843831906e-05
1.323576538253934608e-05
1.320884181796532282e-05
1.341421444965624517e-05
1.310482220931042050e-05
1.350321612130962112e-05
1.315180988502335374e-05
1.339202710803597469e-05
1.317071729662214826e-05
1.347211619421469006e-05
1.318437967214666575e-05
1.329163514441326689e-05
1.298787528823047165e-05
1.323706691986280113e-05
1.302247886915256137e-05
1.311972906337246411e-05
1.322167443137680692e-05
1.317974488248080911e-05
1.314604216613373281e-05
1.302642432412688136e-05
1.307339893977270127e-05
1.311421108587660035e-05
1.307874027921193265e-05
1.304437944668967813e-05
1.301380237223635475e-05
1.290502483224502586e-05
1.283625574139342869e-05
1.296836831992343295e-05
1.319253562033123683e-05
1.303947955861765474e-05
1.303538372197634638e-05
1.298594806077747534e-05
1.323051326040307845e-05
1.326193167174944230e-05
1.313900361786834832e-05
1.312289954781277164e-05
1.308052703021597769e-05
1.305079941343229167e-05
1.291582690506355262e-05
1.321507972233182583e-05
1.311890849775762152e-05
1.311167187795384859e-05
1.285504925381299450e-05
1.309782595965312341e-05
1.305373492959660599e-05
1.293309899391494799e-05
1.292566037455142121e-05
1.304533886600720107e-05
1.290585942270311945e-05
1.291046174818784739e-05
1.289089107282244561e-05
1.291137937797762150e-05
1.282818808033823827e-05
1.293578021741816790e-05
1.289327793284165161e-05
1.297368576531302770e-05
1.289004819986464220e-05
1.288312941016413223e-05
1.292659892708201826e-05
1.266895770726098881e-05
1.297265249890283523e-05
1.281392980757108365e-05
1.301923885171505866e-05
1.264577740987466974e-05
1.297464385295163440e-05
1.273216774639637620e-05
1.266744291400845728e-05
1.287171987531199372e-05
1.263830902692161092e-05
1.299207016000463226e-05
1.283623997265997056e-05
1.296890532217353595e-05
1.288548555487071221e-05
1.283221478721831692e-05
1.259982084601219692e-05
1.261712946146049106e-05
1.266017366703833651e-05
1.270120893782230060e-05
1.283003372603785616e-05
1.286581073232148467e-05
1.279437986428082665e-05
1.277140683377263374e-05
1.263906767019767766e-05
1.256203443610943342e-05
1.268818054896323917e-05
1.267239189057197849e-05
1.266544604596764277e-05
1.274181897240276112e-05
1.227915423222690329e-05
1.272554095470944904e-05
1.268389083363381094e-05
1.270247986661577300e-05
1.263518566466506766e-05
1.269456114528190395e-05
1.263819137246048439e-05
1.269230795808874266e-05
1.265500562549171738e-05
1.255643574735276798e-05
1.250097559066270080e-05
1.248166811600159436e-05
1.269618623880635074e-05
1.253753471992338627e-05
1.252754796804547663e-05
1.260816787404352053e-05
1.272856363078185035e-05
1.257869038068878156e-05
1.272329317430441837e-05
1.236208021111204052e-05
1.258317070561508060e-05
1.261359259328139403e-05
1.240774974912810755e-05
1.249464974609309444e-05
1.275888018162038041e-05
1.258466187074687632e-05
1.265906114393852164e-05
1.251009349695310858e-05
1.264230837178998194e-05
1.262419374151654804e-05
1.258094309896221457e-05
1.256247979855201835e-05
1.237387028882397758e-05
1.251423602468909920e-05
1.241494004755292578e-05
1.233267526550897707e-05
1.257169775099344677e-05
1.241792216201438248e-05
1.255610905456329381e-05
1.246808214785056236e-05
1.259924641126644301e-05
1.252338353075267390e-05
1.263729162968567246e-05
1.268324006933370085e-05
1.250980042633552301e-05
1.264531434818960053e-05
1.253181122863928932e-05
1.232138305851986695e-05
1.235031304440627981e-05
1.215373642415151321e-05
1.230060362219004733e-05
1.238380378937472145e-05
1.237034362016657179e-05
1.242200112373127126e-05
1.248567904547842269e-05
1.232324211377129275e-05
1.236310597598703100e-05
1.244218336941301092e-05
1.226510225939063247e-05
1.244360966653487492e-05
1.237935253373623181e-05
1.237781900425666136e-05
1.233899164619096646e-05
1.233647880879725257e-05
1.230759188437872061e-05
1.203269887288319886e-05
1.228237997560330453e-05
1.202464315003638183e-05
1.207165767735977859e-05
1.243542325517194065e-05
1.237005413864797832e-05
1.239852074005253322e-05
1.225461731844448211e-05
1.218561036608176618e-05
1.227517742684637128e-05
1.226099645362365231e-05
1.229196100754880018e-05
1.237357206445500057e-05
1.230836039751396264e-05
1.217703865242189914e-05
1.229365130808713651e-05
1.205571941384192327e-05
1.215344597469712895e-05
1.220825812437775361e-05
1.226140865191664908e-05
1.217796910613493200e-05
1.219773245306176310e-05
1.237518026085357424e-05
1.186516534872806929e-05
