nan
nan
8.206155050491903413e-02
4.914767378780716262e-02
3.187794659084769444e-02
2.228098772078825063e-02
1.662804560124874625e-02
1.309106799660679846e-02
1.074856623130862783e-02
9.105940917171933754e-03
7.902084036889552368e-03
6.979539587284797932e-03
6.250939547698268310e-03
5.666254675743259868e-03
5.175401060869706457e-03
4.761303082278281994e-03
4.410972816274891413e-03
4.101540402799342365e-03
3.837990560134879343e-03
3.598966200116164842e-03
3.372843813860252563e-03
3.189295590453734928e-03
3.028054915167620580e-03
2.882064790437791763e-03
2.745282013183888807e-03
2.625485316909152451e-03
2.512376943066767666e-03
2.410358391590178718e-03
2.316511147904746874e-03
2.230900566428372159e-03
2.148658049547738647e-03
2.078639704888726996e-03
2.008301012899255111e-03
1.944406126285422092e-03
1.887016321685177018e-03
1.829869487794209349e-03
1.777253495212531911e-03
1.728665348118554055e-03
1.680089763282703163e-03
1.638736613344916968e-03
1.595938540513272682e-03
1.559135054050124524e-03
1.518932511653784626e-03
1.489383128401670746e-03
1.452839390226217916e-03
1.424307344554270405e-03
1.394541721881403188e-03
1.362664581671157397e-03
1.334737657338687941e-03
1.311693276959768331e-03
1.286788405091260747e-03
1.265070972322963980e-03
1.239290482587829820e-03
1.220260928133598327e-03
1.199661692814564485e-03
1.179975890635221163e-03
1.160440023891154675e-03
1.140702050166159153e-03
1.125055608371328597e-03
1.106383892624284446e-03
1.090455927925076778e-03
1.074744654581094279e-03
1.056920661612522185e-03
1.044089639883434215e-03
1.031778739132446126e-03
1.017392336664823833e-03
1.003891668151697626e-03
9.910244419304189804e-04
9.773321821905532527e-04
9.655002971846554606e-04
9.520347287105001850e-04
9.430665017325884185e-04
9.309965453100403025e-04
9.225924138885274739e-04
9.118330591302241774e-04
9.008798311952775830e-04
8.916799891761143220e-04
8.826566491617217737e-04
8.727596620212497470e-04
8.635995325884462687e-04
8.544060706774557956e-04
8.476435504974653501e-04
8.380141964592561880e-04
8.280254705219219089e-04
8.217810766079501790e-04
8.145243236314809445e-04
8.063874621326668672e-04
7.979832354153758257e-04
7.916830413203408690e-04
7.841630955864982910e-04
7.768460623088572744e-04
7.703931552250017651e-04
7.655621161257304642e-04
7.593901855794541259e-04
7.518393537297907072e-04
7.457361891935924232e-04
7.395470690825091484e-04
7.339354129691553043e-04
7.299488003943751385e-04
7.224798666594636418e-04
7.178007729178691307e-04
7.108180527039771384e-04
7.045485679767286282e-04
7.003350128228237039e-04
6.968916503843837658e-04
6.903484861745506213e-04
6.853450530552245663e-04
6.809149677774572595e-04
6.773100488969320543e-04
6.703818076827604668e-04
6.675591196844773588e-04
6.632414048941054005e-04
6.583892554632045195e-04
6.506931521733570712e-04
6.480982116540255243e-04
6.445035094852700997e-04
6.411566896493217389e-04
6.370261580716494749e-04
6.322620967762432407e-04
6.271753298023007017e-04
6.250746092309534315e-04
6.216507991732402386e-04
6.186905409623160400e-04
6.136043715656047974e-04
6.099397886732836789e-04
6.066790475110101508e-04
6.035240249107755132e-04
6.000480934712432764e-04
5.964113201368819893e-04
5.913680577187384194e-04
5.882974755892667485e-04
5.845458912830668900e-04
5.830713287963734844e-04
5.786103483300758478e-04
5.751602153824806381e-04
5.736214361656078245e-04
5.695382467383161606e-04
5.679579147025022286e-04
5.606349207338229106e-04
5.602245066860015409e-04
5.582447312800972988e-04
5.544861316167750721e-04
5.513984478605548842e-04
5.477795507854882643e-04
5.459787604772949835e-04
5.441605762794595033e-04
5.399080814214486526e-04
5.375736734502703333e-04
5.342430743986979237e-04
5.321921695891704144e-04
5.289225623755357091e-04
5.260929770929546456e-04
5.231598810877353609e-04
5.213966597958135047e-04
5.196999687946763031e-04
5.175768612845482990e-04
5.149236663964345921e-04
5.123394517992165302e-04
5.095133880152221241e-04
5.063701184686456112e-04
5.057606178200140705e-04
5.021703993424520354e-04
5.016301359665655685e-04
4.980950885456512196e-04
4.963278976986253621e-04
4.937408908081652959e-04
4.899609196051403059e-04
4.880619364869639596e-04
4.867784043630917238e-04
4.848504526937376879e-04
4.804514489684885920e-04
4.818700042661162885e-04
4.789741260730937087e-04
4.749516858755089351e-04
4.736017877205200323e-04
4.725828694664641950e-04
4.692818937358730100e-04
4.676941682489976315e-04
4.657270534319911805e-04
4.632218955186494041e-04
4.619376266019010004e-04
4.600572598294544913e-04
4.583247653021642223e-04
4.555450798097268779e-04
4.534256144270411770e-04
4.521897993812885159e-04
4.496515627236243929e-04
4.481201233389300377e-04
4.457585377426021662e-04
4.448777199604137043e-04
4.436485225893625631e-04
4.405689227949037643e-04
4.381383877903777973e-04
4.381434190569799764e-04
4.346025668730971528e-04
4.343180957247077265e-04
4.316388298853813654e-04
4.301606708297428983e-04
4.294011690726928484e-04
4.262064351086810102e-04
4.254321008252179141e-04
4.232233849504966872e-04
4.221310626917577783e-04
4.205678246245679575e-04
4.189830974148280453e-04
4.173709948084856122e-04
4.154049795778130393e-04
4.151939976808485333e-04
4.130199280396725458e-04
4.114376320186118280e-04
4.106081826568551592e-04
4.078467463849047396e-04
4.057180402821431884e-04
4.039766292605794168e-04
4.025738849731519257e-04
4.024559261848011300e-04
4.007466953515817628e-04
3.984851217538280116e-04
3.978654411496942620e-04
3.966090832677344742e-04
3.950226346167344071e-04
3.934250254797785331e-04
3.925597492592109968e-04
3.902635068059440138e-04
3.893469809145213168e-04
3.882460020089031579e-04
3.863643179619219176e-04
3.848172442973767332e-04
3.833663458144712446e-04
3.817064236520147764e-04
3.817195877621780485e-04
3.796766260326188804e-04
3.778165923495395385e-04
3.762351770252044913e-04
3.748827809576190957e-04
3.741712044948530369e-04
3.712315301476773011e-04
3.714162904337202148e-04
3.717701868671938648e-04
3.690940911345788199e-04
3.669240832860392785e-04
3.667297288670799097e-04
3.645489515145365080e-04
3.634680889148991898e-04
3.627332406080274372e-04
3.617933000221872260e-04
3.604567597397776465e-04
3.585287865601499593e-04
3.581948184123175637e-04
3.571482045222142718e-04
3.553944467210096636e-04
3.527037489794236213e-04
3.520129467302698803e-04
3.510122339930414072e-04
3.500330558382741368e-04
3.495637123779010810e-04
3.479628622839380458e-04
3.472984648816443637e-04
3.464452752111759183e-04
3.453619232514632659e-04
3.438250853188465198e-04
3.422279048218973270e-04
3.408357464983430654e-04
3.406652510604024262e-04
3.389992344528247061e-04
3.378981492271711977e-04
3.364786327135435313e-04
3.357416022528590433e-04
3.343135682989542643e-04
3.328453881760795661e-04
3.314881145485110928e-04
3.320381503836199394e-04
3.305982977472171082e-04
3.304468224334691198e-04
3.275799895063832325e-04
3.266064234030108498e-04
3.256848186075047744e-04
3.256462980815451433e-04
3.239657680163579275e-04
3.233374688388001238e-04
3.219826817254141924e-04
3.209925134321782079e-04
3.199882969908302032e-04
3.189280415212873915e-04
3.178261243668237539e-04
3.162422384615643498e-04
3.159321789475615181e-04
3.159363684153485268e-04
3.145172043969141594e-04
3.134520550046799897e-04
3.126257956971492517e-04
3.116386036402444388e-04
3.107655617169656492e-04
3.098940194630172553e-04
3.086945812131032898e-04
3.096491876668710868e-04
3.069084608368819432e-04
3.050260211926984375e-04
3.049628433172232758e-04
3.037989214321698030e-04
3.031062132014120179e-04
3.016895640514050342e-04
3.020308869509218943e-04
3.003174147198856892e-04
2.994726951002666337e-04
2.974001522336023706e-04
2.980652934070425041e-04
2.974516852706065445e-04
2.955886563562798767e-04
2.949192406985077695e-04
2.940952611161806751e-04
2.932361553732917023e-04
2.928609401007233807e-04
2.912707951307828792e-04
2.909900413571027238e-04
2.899232287947369358e-04
2.893527069300492116e-04
2.883980291661016482e-04
2.869438106905762001e-04
2.866862576318025824e-04
2.859321979760037812e-04
2.843181711579264659e-04
2.832410106688099593e-04
2.837460051844909966e-04
2.822759920373934389e-04
2.813326207072614914e-04
2.810243770566445316e-04
2.800472822839751227e-04
2.791211683186474988e-04
2.786157876288585249e-04
2.778970279091468759e-04
2.769992279542313326e-04
2.748627636368110782e-04
2.740935000084539046e-04
2.740701551477833027e-04
2.724642353078159693e-04
2.733184398117790518e-04
2.717200955455715433e-04
2.702531752975976479e-04
2.711785666107682986e-04
2.706133288827980627e-04
2.687246271445086041e-04
2.675440392938656180e-04
2.670611224263505479e-04
2.667969656695753076e-04
2.664236448579884666e-04
2.641582602625222684e-04
2.652115118568633780e-04
2.629629386827783103e-04
2.624299163058471207e-04
2.611432941846508998e-04
2.615063089244114422e-04
2.611112454368751568e-04
2.603523661530184855e-04
2.578067842923392619e-04
2.584915185160300416e-04
2.574281214559588182e-04
2.559986126687080412e-04
2.559059780688206060e-04
2.555198139370400590e-04
2.543488074640621916e-04
2.547279480278194985e-04
2.534877767911541805e-04
2.518017558010679003e-04
2.515759270227472242e-04
2.510789859550023313e-04
2.517232828146918878e-04
2.504657284715154316e-04
2.495800773918782308e-04
2.489154504193636969e-04
2.479955694486163939e-04
2.467514662284556052e-04
2.468049478034991411e-04
2.455287860743093887e-04
2.452233887677561942e-04
2.441688954547018811e-04
2.434190918321914635e-04
2.447958270465733872e-04
2.425119256547592463e-04
2.416660374489624965e-04
2.412702527916883515e-04
2.410368465640638324e-04
2.404791766317033357e-04
2.389611074380519357e-04
2.390227095962846749e-04
2.386505800999073467e-04
2.372889020595972886e-04
2.376750263919390530e-04
2.363663673681419357e-04
2.357592039335453611e-04
2.349324551613545496e-04
2.338630752215868061e-04
2.335459600075471046e-04
2.331476469479412455e-04
2.334457928551962494e-04
2.320253779277468387e-04
2.307118817718120413e-04
2.299920385999230791e-04
2.301123736369824733e-04
2.300888802006222512e-04
2.289992766337725508e-04
2.278544062505915885e-04
2.279815670777063645e-04
2.271411285166402138e-04
2.268492114731855572e-04
2.266567668708988883e-04
2.262160076356841895e-04
2.256034444608687726e-04
2.240649956140433044e-04
2.233853626424193658e-04
2.237884862443920468e-04
2.212853122656944420e-04
2.218421958206176774e-04
2.215408448426812971e-04
2.215129735805071638e-04
2.206592409080721125e-04
2.203319804211059695e-04
2.190335083925451184e-04
2.181093840096632827e-04
2.185279690391868010e-04
2.183733874893747115e-04
2.168608257123444535e-04
2.164464071435267319e-04
2.157564456728147868e-04
2.147478866906015534e-04
2.150923615222196110e-04
2.142516016231922290e-04
2.141065444434080676e-04
2.130734416455919622e-04
2.116793295454299432e-04
2.111278170998588568e-04
2.112106538035718613e-04
2.103369568409902703e-04
2.103526230160795573e-04
2.100244718748959355e-04
2.094587647642135039e-04
2.077094906949080323e-04
2.081036963858950582e-04
2.062310943833491701e-04
2.064586002807137480e-04
2.057861309083292456e-04
2.057125064280425255e-04
2.047319441753240135e-04
2.050744504670548747e-04
2.048456072700575309e-04
2.035502277042913093e-04
2.045735549639464011e-04
2.036174564295208187e-04
2.017631164672873789e-04
2.019166566855264957e-04
2.014824987208122399e-04
2.011803563828163733e-04
1.998205891468897693e-04
2.001160561984455754e-04
2.001964386531959121e-04
1.989456625181609784e-04
1.986246849565993344e-04
1.980871911515362798e-04
1.974903923059864242e-04
1.970285364624928888e-04
1.966387235809898405e-04
1.953821962772315222e-04
1.949958146836274972e-04
1.951113720456811647e-04
1.946286028496429480e-04
1.943487106667246903e-04
1.946079927726711615e-04
1.929294517968961956e-04
1.926047021319141615e-04
1.926018540073504137e-04
1.914950335636758140e-04
1.911846666624098781e-04
1.906101822011052973e-04
1.907011667226071446e-04
1.897251010800230311e-04
1.897436981359109547e-04
1.883779613275193680e-04
1.885640195513872349e-04
1.882667469628979508e-04
1.875320132028855007e-04
1.874376609895340908e-04
1.867710105336339605e-04
1.858508079898764668e-04
1.856143320549013317e-04
1.854887776702333685e-04
1.847319337763497446e-04
1.847906654710904486e-04
1.844184114762606116e-04
1.830474677521795840e-04
1.829711823457299126e-04
1.822538017462328578e-04
1.823343938610751623e-04
1.816933240183598555e-04
1.818185909530977220e-04
1.816949794019387940e-04
1.811407739739788643e-04
1.795657083585690055e-04
1.789211396321189270e-04
1.791082896951278109e-04
1.783779905028047390e-04
1.782429317584716805e-04
1.781309284725054261e-04
1.782826578656197933e-04
1.773721104340716048e-04
1.766588967567736036e-04
1.760978660301307783e-04
1.757037491231294225e-04
1.755230800791503080e-04
1.752854790678563346e-04
1.749415053234115779e-04
1.735596689980952259e-04
1.741316005406653229e-04
1.732491658123530998e-04
1.728722372900675535e-04
1.724504386892701763e-04
1.713486924360174463e-04
1.716067316931409008e-04
1.720973186550126845e-04
1.710560024443971391e-04
1.712668494037689971e-04
1.701134664969982866e-04
1.698526711312848365e-04
1.687283726252108128e-04
1.688668004953751650e-04
1.671223103224958801e-04
1.685949677595284307e-04
1.681660173646101319e-04
1.675187926503949915e-04
1.674646667888516260e-04
1.658680737153296625e-04
1.664588800827858340e-04
1.657124727836586464e-04
1.654523766190041454e-04
1.650070993245146241e-04
1.652552447347255705e-04
1.651688078314067368e-04
1.645234038909458856e-04
1.633523819788930322e-04
1.639384443257125093e-04
1.627398523321607572e-04
1.629640050194710113e-04
1.621742462020590208e-04
1.624326777331060244e-04
1.617909284953909050e-04
1.605888437585076983e-04
1.609774412626848665e-04
1.603574016872413269e-04
1.593729188833213932e-04
1.604245494528530830e-04
1.601668444871153798e-04
1.589335916640311278e-04
1.589064210745472997e-04
1.584040559272540489e-04
1.577297295625931252e-04
1.577927286636175588e-04
1.581551656235357121e-04
1.583301161116195972e-04
1.563039882659647203e-04
1.569406369742786054e-04
1.560649937359596788e-04
1.555232490085244068e-04
1.550390519675490697e-04
1.551368073402983742e-04
1.544449064472285026e-04
1.547437595671809815e-04
1.540033504887331926e-04
1.536365279619696252e-04
1.530404209667450902e-04
1.528636851786908740e-04
1.526801405800096644e-04
1.517787900594655859e-04
1.523144803719731757e-04
1.518761160682113105e-04
1.519294245256766582e-04
1.500183610972741785e-04
1.504315086220041299e-04
1.500082023511770514e-04
1.505354849245291963e-04
1.499582004929186842e-04
1.496376845424504925e-04
1.496732481814929501e-04
1.479745532503949764e-04
1.480785265779755062e-04
1.476227039757815353e-04
1.473520031607476592e-04
1.468721727005915789e-04
1.475535277792510227e-04
1.471312220479366491e-04
1.471981093250105744e-04
1.459742044392246048e-04
1.462356693726515303e-04
1.460276225891280551e-04
1.451915217439422119e-04
1.449271347041082634e-04
1.444817370367652658e-04
1.436380078219398149e-04
1.438772344098802783e-04
1.434932581354793444e-04
1.437658440803107635e-04
1.435693173216009554e-04
1.424559511894928565e-04
1.423385575274724497e-04
1.416497868245050035e-04
1.408038787606826566e-04
1.414327318970344982e-04
1.407436194335421155e-04
1.409657553351379182e-04
1.407358761071817160e-04
1.404658263621563741e-04
1.400291277906843223e-04
1.401859676401180708e-04
1.388328549057614458e-04
1.394500034531515845e-04
1.387249935304488927e-04
1.395155575216393642e-04
1.377086539715789064e-04
1.381497364400735095e-04
1.372935784101615654e-04
1.373403625795660988e-04
1.366764565112557899e-04
1.369484058046717845e-04
1.365431571433066513e-04
1.363215007789802527e-04
1.360250290757335060e-04
1.357026456271175465e-04
1.358354903405168367e-04
1.351493736948314165e-04
1.346849253424600051e-04
1.345483466353285815e-04
1.342834144980549808e-04
1.344733101705586418e-04
1.339811174979840835e-04
1.330023235174006518e-04
1.328860546324604492e-04
1.327137192952835610e-04
1.329890301969749087e-04
1.327561549258643610e-04
1.321918345447495313e-04
1.317788921487094659e-04
1.320404582862293760e-04
1.313095402027995384e-04
1.314313708282292847e-04
1.305905866015638270e-04
1.303954161888406886e-04
1.302243327689964864e-04
1.306027234080199095e-04
1.301691402414782814e-04
1.300736543536915382e-04
1.295931539028170084e-04
1.286674625831441053e-04
1.285742132902152482e-04
1.285196830535361844e-04
1.281633759055554752e-04
1.281220555773590576e-04
1.281033304314867954e-04
1.278577117435126436e-04
1.271719396347773543e-04
1.260085005787640042e-04
1.258629605719241353e-04
1.264132775831898839e-04
1.262395497713329729e-04
1.258847516570280587e-04
1.258754357519286911e-04
1.261236879257022548e-04
1.250817627594440705e-04
1.254467071065430825e-04
1.238660272552542969e-04
1.238681082344247734e-04
1.239496832276828597e-04
1.243198725335859238e-04
1.232921597653608781e-04
1.240844843412989196e-04
1.229164166552672950e-04
1.224989266263140013e-04
1.223140813906662826e-04
1.230592059702977179e-04
1.220308396781026518e-04
1.220335420024777319e-04
1.221861943592068281e-04
1.219861352594022103e-04
1.215872821421075015e-04
1.205414115043646649e-04
1.205114663641165265e-04
1.207919780529435416e-04
1.200995835795949163e-04
1.200499789629018611e-04
1.202718194258229863e-04
1.194421788825997721e-04
1.189223082301380793e-04
1.190062446416356495e-04
1.191987052681168222e-04
1.185454597838658580e-04
1.178696162862395220e-04
1.176811098006445291e-04
1.181073271105049014e-04
1.171531346653521062e-04
1.175858138283282072e-04
1.176676923575702388e-04
1.171478198025693846e-04
1.165712433613491042e-04
1.154091016313380218e-04
1.162913042002861784e-04
1.167654073774884840e-04
1.167678838346094514e-04
1.156369094957916286e-04
1.158267117468151432e-04
1.155792978079543080e-04
1.143111977605146804e-04
1.147727343599120507e-04
1.141940559034155481e-04
1.146650363806576831e-04
1.145011750759300788e-04
1.137475903211186549e-04
1.135016347995532513e-04
1.126469816957132510e-04
1.135558662542114215e-04
1.132031631644029213e-04
1.128151116708010207e-04
1.129591001264336069e-04
1.129507347854261833e-04
1.125033166490150904e-04
1.115660386549054167e-04
1.115451801969622543e-04
1.122761457621058567e-04
1.118693626026759759e-04
1.107402557451812988e-04
1.104338193310544367e-04
1.111603702190235824e-04
1.108474453079492109e-04
1.101279559721931954e-04
1.097141549067011818e-04
1.106916628885630798e-04
1.100351915242108239e-04
1.097980931737587963e-04
1.090280351387855990e-04
1.093767974407779662e-04
1.091113844019988313e-04
1.097484697740836135e-04
1.084105170221104006e-04
1.086323166855513578e-04
1.082854688472000611e-04
1.076502250155145907e-04
1.072466333741698530e-04
1.071119705446267606e-04
1.079538923915773427e-04
1.072948985309719774e-04
1.071093163780313922e-04
1.077027491497655441e-04
1.061417407153673371e-04
1.068040983625222722e-04
1.061679206391238434e-04
1.060130463763930852e-04
1.059383650417282917e-04
1.059499487204457619e-04
1.059855886542920953e-04
1.052267543804466450e-04
1.054648490547074738e-04
1.039746996054828301e-04
1.047681469121714850e-04
1.046680305201618861e-04
1.043292200704151892e-04
1.048418164451277266e-04
1.037607010264582602e-04
1.036816961255051931e-04
1.037962599771583656e-04
1.034745376015680859e-04
1.033059688558313790e-04
1.033633371704556378e-04
1.025918092711778154e-04
1.025022404453535847e-04
1.022044331260610171e-04
1.017430824061718705e-04
1.016924620197203079e-04
1.013926985559169088e-04
1.017378518922094628e-04
1.014297343769396382e-04
1.013617495510435142e-04
1.005229213441633678e-04
1.003606525944722845e-04
1.009899192125659595e-04
1.018360052570670989e-04
1.010578111283777942e-04
1.002679881224034471e-04
9.965966195580638800e-05
9.989657515629821920e-05
1.000379064309722774e-04
9.953048325790143274e-05
9.918866106522922243e-05
9.888247169563820307e-05
9.887486953813941096e-05
9.891473039892045849e-05
9.835550538024182205e-05
9.759100232563319721e-05
9.843220367505930329e-05
9.824288976223487712e-05
9.786346606958347481e-05
9.759503119600781637e-05
9.764419188385806180e-05
9.767068117503641209e-05
9.646331565229859838e-05
9.702351789215173962e-05
9.634067567993140108e-05
9.682140697521751020e-05
9.708225794064876963e-05
9.619352722096568859e-05
9.632263082917530438e-05
9.602078964444510638e-05
9.570985704712882403e-05
9.495915454070009845e-05
9.506124964955949203e-05
9.520891026372283719e-05
9.548983394092898759e-05
9.474812438305856227e-05
9.488379274106183354e-05
9.473267531455586304e-05
9.448023457027226720e-05
9.490643717964365798e-05
9.401939739503659154e-05
9.455265156615237621e-05
9.376286985970491076e-05
9.329287131970646343e-05
9.336039960454643413e-05
9.338671054403626401e-05
9.387546845010590014e-05
9.268895225517041867e-05
9.320910869314847063e-05
9.289887721040981081e-05
9.271369269031217830e-05
9.193234485356334873e-05
9.220885233787547218e-05
9.242082171588832541e-05
9.223273958191850123e-05
9.150191219335077942e-05
9.115466719554866178e-05
9.102228347248640726e-05
9.147537737067281088e-05
9.088505748442712515e-05
9.101946323784138688e-05
9.114308851417330412e-05
9.110831519993837059e-05
9.093922817130977246e-05
9.041965135952002104e-05
9.051724799710767313e-05
9.003366804701372762e-05
9.026701053810194783e-05
8.968614833022271954e-05
8.942888573788693716e-05
8.965485444814069239e-05
8.947965446618225908e-05
8.941902839565138222e-05
8.871507396312461303e-05
8.910348270396781093e-05
8.905769401245159072e-05
8.876846631046497423e-05
8.871069615894456022e-05
8.856734178427092333e-05
8.811814039081122569e-05
8.858289573002716495e-05
8.789272781455740604e-05
8.753446601450785890e-05
8.720837965727867413e-05
8.760864588110954673e-05
8.736815958773179057e-05
8.735007888589663041e-05
8.680022558657659541e-05
8.645869811349647281e-05
8.710148173202511166e-05
8.641187341635801994e-05
8.586947646009062047e-05
8.658427373382100690e-05
8.670504748528992851e-05
8.617625925539229689e-05
8.623134492612581008e-05
8.541992437875416794e-05
8.523125494833896779e-05
8.538379640310861374e-05
8.444746578000562930e-05
8.553788798046387649e-05
8.444885864592752763e-05
8.502493493920062096e-05
8.511265088648433926e-05
8.427666229193352555e-05
8.432010452003401812e-05
8.451238163292132985e-05
8.385487828173987079e-05
8.382262332565224082e-05
8.364488236711414902e-05
8.334514182594125915e-05
8.368455362191448666e-05
8.301351826929454544e-05
8.345760161060517544e-05
8.329355049835503438e-05
8.331615551919742770e-05
8.289222660625239036e-05
8.267369382089030715e-05
8.274211056214058051e-05
8.265156292105137127e-05
8.244211090125575664e-05
8.218552488289311716e-05
8.172062317939142852e-05
8.231226969503065193e-05
8.188525639558159788e-05
8.193859187327935125e-05
8.132562220089787134e-05
8.104216103501920979e-05
8.167296399920665915e-05
8.140348453874131688e-05
8.060515951462200236e-05
8.078807460982390684e-05
8.052941971483706452e-05
8.052454756221432385e-05
8.044945263485289971e-05
8.064955888026530194e-05
8.047569326548328710e-05
8.052261541558931065e-05
7.974454481082254181e-05
7.953512915923895794e-05
7.980774212035878054e-05
7.956002034946179789e-05
7.933205947182245103e-05
7.938757393024872149e-05
7.863337340824447415e-05
7.862488558154426537e-05
7.878820643061034952e-05
7.848405614488645869e-05
7.887384609505083499e-05
7.833140681609152142e-05
7.768795057401227540e-05
7.796859516152905144e-05
7.814134650905913998e-05
7.739332504563726600e-05
7.809331144530038901e-05
7.815136193461413318e-05
7.683740619257256143e-05
7.767909819008980677e-05
7.777000481022067180e-05
7.692272649964083475e-05
7.692492591933696821e-05
7.694225247545976513e-05
7.679845173908344245e-05
7.635765460402703137e-05
7.661251824022138445e-05
7.675085158578334439e-05
7.611919989294919236e-05
7.600412864689324070e-05
7.612664913034177341e-05
7.602344832969034868e-05
7.601693946343808571e-05
7.615491863608457644e-05
7.576722059718452983e-05
7.529051198205399397e-05
7.547361230366903114e-05
7.579674789269954356e-05
7.557924354693763825e-05
7.491295620605390240e-05
7.463232037122877237e-05
7.521723115128735554e-05
7.482623959766636487e-05
7.424021887871131917e-05
7.437984618698555356e-05
7.402522357248117674e-05
7.463260877757687867e-05
7.434833812385236297e-05
7.379262795324814401e-05
7.407054595845329232e-05
7.334917218397561960e-05
7.357099292417090515e-05
7.331032316274183405e-05
7.384683850399221649e-05
7.311831652342666403e-05
7.318465908305889071e-05
7.324811866687263434e-05
7.240589520518764342e-05
7.293413012349146663e-05
7.333050331468520845e-05
7.252481340662280415e-05
7.253888657225085067e-05
7.271220840262565966e-05
7.264628240600675096e-05
7.225304473838044098e-05
7.150546460294581071e-05
7.212653344731319847e-05
7.201253934398985340e-05
7.179330178171300402e-05
7.171275402923661245e-05
7.088058666166576545e-05
7.199621973634011917e-05
7.205266951254060269e-05
7.164414080409252741e-05
7.071425261372731399e-05
7.083628648637186785e-05
7.059883703419361583e-05
7.065035608779260347e-05
7.053212639152674256e-05
7.111413059110589221e-05
7.069772387041811949e-05
7.025357073305599632e-05
6.973617049872876705e-05
7.009831151557056027e-05
6.965882759788002705e-05
6.980401064704831781e-05
7.027571192698580218e-05
6.960018693032837822e-05
7.007358080654044034e-05
6.967254151121968762e-05
6.918022755273714952e-05
6.888729166343985255e-05
6.906185188212656196e-05
6.852379277904032599e-05
6.903979807288742612e-05
6.896439507073506370e-05
6.913976713870614594e-05
6.906320092010523250e-05
6.919370557306346245e-05
6.841603005513953310e-05
6.862351194466321288e-05
6.813494326770733265e-05
6.763830215483867105e-05
6.826973298780224264e-05
6.764410605746764974e-05
6.814439421701768925e-05
6.787767712371967131e-05
6.780261217267969395e-05
6.819869635977401597e-05
6.777457771507368811e-05
6.744625768257585664e-05
6.746229623238847158e-05
6.765503678967245242e-05
6.691302395837751946e-05
6.644935160592192248e-05
6.691267987248255677e-05
6.687035981233249141e-05
6.691795948767026100e-05
6.685085817276682915e-05
6.626104370825949982e-05
6.632788866607069339e-05
6.598486494052544947e-05
6.681589832565083538e-05
6.641873989655218901e-05
6.617409691599822374e-05
6.546308936855031355e-05
6.543276907211142144e-05
6.577662153528680833e-05
6.549290629332271284e-05
6.566638404289332990e-05
6.547547681599621115e-05
6.471491172723632820e-05
6.503304598429052522e-05
6.510157210910580265e-05
6.457841073621351825e-05
6.522863399027154256e-05
6.427671610538070168e-05
6.460431027742368827e-05
6.465722291831302803e-05
6.494310241722117954e-05
6.427503552815872010e-05
6.500480251225746961e-05
6.438773993780109973e-05
6.445507148352669076e-05
6.413308389925104897e-05
6.409427663731673231e-05
6.389759582460962284e-05
6.383855307017362399e-05
6.388285033977587023e-05
6.324695168383157756e-05
6.390919009548507606e-05
6.291833285056596693e-05
6.320244865538081401e-05
6.358844502459088332e-05
6.305873171029618615e-05
6.331508196180813525e-05
6.315366602069814297e-05
6.285383373822378073e-05
6.281947667439989906e-05
6.250690560533808920e-05
6.286651907363003018e-05
6.267857876579154366e-05
6.261424566918751499e-05
6.291490516401789120e-05
6.221835476736391625e-05
6.191846721839766381e-05
6.267184832915584781e-05
6.201781689543820169e-05
6.212141572333400958e-05
6.161573149084600292e-05
6.167327365621424313e-05
6.171487421911040470e-05
6.158654915535574062e-05
6.171602575984707186e-05
6.189874813847805765e-05
6.128432608831279672e-05
6.141012113054912329e-05
6.134024284111545399e-05
6.103526900605536071e-05
6.069227694563989747e-05
6.043836624225744792e-05
6.088631576903709078e-05
6.119838899302190878e-05
6.045675238485207143e-05
6.047761654987164680e-05
6.055627311969432171e-05
6.078171193279364868e-05
6.051247412458791726e-05
5.984414545150102760e-05
6.059203996519059963e-05
6.025688173678339334e-05
6.022913106914216838e-05
5.988378723122578674e-05
5.965269222900583041e-05
6.022251464820716182e-05
5.990136105838947297e-05
5.950965221761047468e-05
5.952599821597332364e-05
5.941980897424922379e-05
5.960377157651834641e-05
5.920588984136620705e-05
5.935681056298081564e-05
5.913871222396771830e-05
5.902769222336471132e-05
5.873523647502226167e-05
5.899537344560966157e-05
5.899542734356107794e-05
5.852071887395026469e-05
5.867815186008613427e-05
5.872605147572572035e-05
5.784333554963957583e-05
5.855912497894424646e-05
5.803454323163977286e-05
5.787476390055280775e-05
5.817066039606338278e-05
5.807014339767425991e-05
5.823395811200996684e-05
5.769684981927339427e-05
5.785579995939542510e-05
5.732580880630641846e-05
5.765543379130272676e-05
5.752640509149559671e-05
5.751264086553145393e-05
5.742489991060242127e-05
5.739564858721362171e-05
5.731387267289962629e-05
5.699533495703536034e-05
5.751100371191963896e-05
5.652925306529745051e-05
5.643773185745739685e-05
5.671066232462325781e-05
5.704855691916396325e-05
5.686157929236209578e-05
5.637617240604259809e-05
5.699664434876639484e-05
5.584359501455573411e-05
5.661104964739072863e-05
5.572364308711167421e-05
5.596237818455552761e-05
5.616486436903319663e-05
5.650588667298851926e-05
5.608220540244635645e-05
5.548782872073659177e-05
5.525966932567849381e-05
5.541618807264708882e-05
5.591116688240975393e-05
5.538727510769067357e-05
5.529234850677954515e-05
5.572845809895553065e-05
5.556741702701947598e-05
5.558398972431752267e-05
5.496254608405270586e-05
5.525392261831738510e-05
5.492279493909303379e-05
5.542225086374682786e-05
5.453619121291320701e-05
5.490156844105762687e-05
5.467197709913142162e-05
5.471188447784184987e-05
5.475018027130106328e-05
5.452829285459340322e-05
5.486312587530436762e-05
5.405003182277086485e-05
5.392862403786210471e-05
5.468257374958153904e-05
5.403529826117086130e-05
5.429593902114771204e-05
5.402081448510241761e-05
5.380297518291011539e-05
5.393250757378946790e-05
5.326932453949042976e-05
5.343135208056319429e-05
5.375437411664033699e-05
5.374563827261502635e-05
5.340661042324974491e-05
5.352204060478339080e-05
5.302968682547885886e-05
5.356726002184327394e-05
5.266629191327795370e-05
5.294109096300023452e-05
5.295586819120872769e-05
5.311770072008443452e-05
5.278497043491345260e-05
5.297064240805249692e-05
5.261744970928033423e-05
5.280053879167838972e-05
5.244645297118113189e-05
5.247423709974143063e-05
5.261091381732610278e-05
5.205125593369965529e-05
5.266309027085257455e-05
5.271544908318047943e-05
5.240326129864914678e-05
5.181952619772968926e-05
5.194759336440494922e-05
5.183898994295611437e-05
5.182690730825426567e-05
5.210316192669184175e-05
5.187712648341858557e-05
5.146483026422818505e-05
5.231729803153115641e-05
5.190007489203438156e-05
5.200441856664730374e-05
5.115839382767793490e-05
5.087350686763467551e-05
5.128273178892414343e-05
5.124113229248450916e-05
5.132784410212922946e-05
5.145560682218597998e-05
5.105420399342806869e-05
5.093416842622871052e-05
5.044393008878622598e-05
5.065929752957332302e-05
5.086174233626502883e-05
5.107870431853024347e-05
5.083983968640551620e-05
5.068432736869751679e-05
5.067929744800996229e-05
5.017619811380150260e-05
5.062814219053998581e-05
5.040822603523502636e-05
5.131850271746244487e-05
5.050677203118189747e-05
5.029708955478654967e-05
5.026404495635220415e-05
5.016407570832132203e-05
5.024560828598184414e-05
5.009477852620582860e-05
5.011328509736945178e-05
4.945345875760556872e-05
4.998089759979194423e-05
5.024767918035091845e-05
4.987489047008157979e-05
4.914856660476368176e-05
4.937138089173357785e-05
4.935774149000106772e-05
4.931496500163035096e-05
4.932562642929728237e-05
4.930986470088114779e-05
4.878080153931998059e-05
4.913861284034456192e-05
4.907154402660047988e-05
4.918365993139495131e-05
4.898182987306965434e-05
4.904111561442109959e-05
4.894186764743275320e-05
4.902067644543285223e-05
4.855062844874255703e-05
4.828172835009912601e-05
4.843070700717874260e-05
4.886731962383701871e-05
4.834377505337983453e-05
4.848987509312262907e-05
4.822822472141276290e-05
4.842363758699117231e-05
4.782666531552849214e-05
4.835827387607171031e-05
4.790241262117164928e-05
4.749637499560028700e-05
4.761730464187274463e-05
4.756232012255566402e-05
4.774150258246258804e-05
4.758962851265241962e-05
4.757280549568092953e-05
4.750005603337039686e-05
4.736497939509537464e-05
4.723025288483081958e-05
4.753279569967128437e-05
4.727161114571558608e-05
4.738493379981695015e-05
4.720918798286052794e-05
4.756514739587286721e-05
4.674005933990252879e-05
4.671636172604807244e-05
4.703114712993558555e-05
4.660488276240172051e-05
4.698882224802021192e-05
4.688177707203421553e-05
4.661560516841079893e-05
4.673957674838619922e-05
4.667529062318860345e-05
4.684073173917542934e-05
4.633172528588695266e-05
4.678410292710333463e-05
4.654456877901183158e-05
4.631943101257337116e-05
4.646912192478756598e-05
4.654091687614681541e-05
4.595897097928167466e-05
4.590462846949879981e-05
4.627535376571002438e-05
4.580095429270348851e-05
4.586918584612217355e-05
4.595287361808428984e-05
4.569277255175027626e-05
4.589386120964087583e-05
4.552910102397071418e-05
4.551996071436047094e-05
4.540761190818100670e-05
4.541436254083814603e-05
4.549441771030188957e-05
4.540170448410985672e-05
4.531164879319894120e-05
4.522670670786637075e-05
4.529834329020661734e-05
4.533736956367380162e-05
4.502396933369931211e-05
4.507531180735169864e-05
4.525483588826815254e-05
4.503375365578843944e-05
4.533345405564260031e-05
4.459909792794970290e-05
4.473604151272939761e-05
4.494804282049370977e-05
4.461354208526242853e-05
4.409350685686291740e-05
4.462047215059179305e-05
4.430229885053791423e-05
4.433241946847192187e-05
4.431145613540832392e-05
4.434200731875605108e-05
4.441735323491744988e-05
4.430479519541270599e-05
4.448578482234928546e-05
4.378145842993152098e-05
4.417490825042677289e-05
4.383636664470169886e-05
4.401555130113536971e-05
4.373631004879553253e-05
4.397829531098585457e-05
4.376298658059174328e-05
4.331891696222666337e-05
4.389035076903720378e-05
4.413184643673756258e-05
4.338122576704754374e-05
4.397811792250129736e-05
4.320854597041213347e-05
4.370365505909955880e-05
4.321263498704199104e-05
4.354535078150023218e-05
4.329524489178730739e-05
4.345058290758068288e-05
4.293376332702592696e-05
4.285381485718377437e-05
4.338841623228028991e-05
4.295287248180292163e-05
4.293402554138724174e-05
4.269176081025460797e-05
4.287614060551576343e-05
4.272381735263096184e-05
4.241829096350388680e-05
4.250168526276490644e-05
4.227403589368710648e-05
4.255919700308541831e-05
4.202109005909667816e-05
4.256451850793735204e-05
4.301718146488153776e-05
4.201741339750000994e-05
4.288500365909146943e-05
4.236206742932296774e-05
4.237381385630770695e-05
4.195650297445385773e-05
4.262007642804441676e-05
4.218437887899987107e-05
4.197765629260836095e-05
4.162582650388035242e-05
4.219186590119193840e-05
4.246123175963834842e-05
4.159697859951439717e-05
4.118130422811615320e-05
4.171486172440063794e-05
4.174225097077384754e-05
4.118244864957288265e-05
4.177537995191417521e-05
4.138107632228628905e-05
4.165637574056241834e-05
4.164412308887901083e-05
4.137197829204426432e-05
4.134536981262730321e-05
4.081052640725125514e-05
4.127279911625476334e-05
4.117681335417485062e-05
4.144253909313759657e-05
4.087011650906747622e-05
4.102745784172254754e-05
4.083407716536505610e-05
4.094203143039940252e-05
4.071578098005426000e-05
4.085422303072473325e-05
4.081527668892994781e-05
4.102242216339069275e-05
4.159314242639735616e-05
4.071840932581582181e-05
4.114997660765202928e-05
4.049246233123699270e-05
4.094474979808431105e-05
4.020523070635106917e-05
4.056940793915760995e-05
4.074527825328613193e-05
4.016682976583743522e-05
3.965820361500078109e-05
4.056670589840373308e-05
3.988758000971180808e-05
4.017576173170553117e-05
4.089196183739899861e-05
4.013775228324778624e-05
4.021299038727103463e-05
4.050647441627623733e-05
4.050804077554648547e-05
4.019661912386010929e-05
3.994927287431344301e-05
4.008261212577527951e-05
4.001845805370347610e-05
3.961090217804712779e-05
3.964796742101845854e-05
3.969937929195169500e-05
3.954034114711055150e-05
3.957454722382381513e-05
3.977123903056553253e-05
3.985459137440205924e-05
3.930838074834640901e-05
3.953767278262362275e-05
3.950624536135715839e-05
3.921984894147780335e-05
3.921645599012537053e-05
3.911059327464183957e-05
3.974460715205971187e-05
3.940796615134540735e-05
3.929655205604972308e-05
3.879668697910224556e-05
3.874933919251592355e-05
3.906179214346881844e-05
3.866668778191924581e-05
3.901414154251591746e-05
3.889912516426663431e-05
3.864840409130176110e-05
3.883004443073257729e-05
3.882955091357904884e-05
3.864999709832520682e-05
3.870873732760319127e-05
3.810619233093553120e-05
3.879120365782557733e-05
3.857917373308325591e-05
3.862550217077184754e-05
3.828572481644630025e-05
3.857686808209305669e-05
3.832548797776248972e-05
3.812446763464255996e-05
3.813880020763884605e-05
3.803936268842779287e-05
3.816195304037384877e-05
3.804484213659155756e-05
3.838497148776088007e-05
3.787736697960126533e-05
3.829709537737382118e-05
3.761640166670391261e-05
3.796219255027721606e-05
3.843786967578148811e-05
3.762810263938101631e-05
3.820470121144328257e-05
3.783129077110182129e-05
3.749203763959240403e-05
3.791716400264561420e-05
3.781142868092728429e-05
3.779829280893856716e-05
3.748289058497119149e-05
3.721193400680541670e-05
3.753771404889525104e-05
3.714112761645175766e-05
3.770787390290234402e-05
3.710584888588219234e-05
3.701732086522762510e-05
3.667867431545829239e-05
3.721142978655101385e-05
3.700269876851596630e-05
3.721688016263495204e-05
3.702633856012475355e-05
3.707603089784470971e-05
3.690310247414179101e-05
3.673763007028663894e-05
3.656855004898340448e-05
3.681991013551080794e-05
3.710830555712123566e-05
3.683161941666187662e-05
3.697334436450074822e-05
3.664485001683297260e-05
3.664881215516742352e-05
3.665630390339651677e-05
3.668012350879673768e-05
3.670977108051084699e-05
3.653392915571861019e-05
3.632655393237408851e-05
3.649204496253445748e-05
3.659205220495247640e-05
3.643019845621278240e-05
3.619127162338354786e-05
3.632692254943949470e-05
3.617856451718507105e-05
3.649609437829276254e-05
3.644183298666055676e-05
3.670613204360459713e-05
3.635408066869316555e-05
3.598618832858001629e-05
3.623739462099782437e-05
3.612876789164838349e-05
3.598892103087778757e-05
3.596565192510404129e-05
3.573283235510698794e-05
3.531343095904291906e-05
3.576722599975963558e-05
3.568072411905086469e-05
3.570013266613008933e-05
3.579890269031167828e-05
3.569587105788048421e-05
3.558094664780365177e-05
3.585852281414543872e-05
3.526316275397178276e-05
3.576331499553818752e-05
3.525658859466692540e-05
3.535585362589994241e-05
3.553382654749636050e-05
3.503983817715622276e-05
3.516361632563741913e-05
3.537103434911888342e-05
3.558611974532319605e-05
3.553836872608013647e-05
3.484814220001059882e-05
3.523006148194315294e-05
3.501258887526998115e-05
3.472559493878659385e-05
3.493623560456879211e-05
3.550498602022949282e-05
3.475045473595854168e-05
3.481508257182575820e-05
3.486781204629740258e-05
3.485324836211300031e-05
3.500874841898021279e-05
3.508927320489717077e-05
3.475926658018736509e-05
3.466713229019208474e-05
3.420645840731636236e-05
3.448249607494300489e-05
3.445081081380112025e-05
3.426747380538843987e-05
3.437313926308342368e-05
3.454637924233412146e-05
3.458558878385054747e-05
3.459787112796186727e-05
3.460733614321400136e-05
3.435313239880304293e-05
3.431495179644191080e-05
3.450307305366868976e-05
3.436229611334015428e-05
3.390816618806514847e-05
3.405786223131733958e-05
3.376078803015778568e-05
3.450633255735234762e-05
3.418873433078636247e-05
3.459558553262382795e-05
3.382583003928939220e-05
3.364555795440602603e-05
3.393664119151935536e-05
3.370648862019928624e-05
3.350546968903357566e-05
3.339718183032646314e-05
3.359171613537583736e-05
3.383992117213666318e-05
3.355163394660719560e-05
3.351648387624494880e-05
3.344384906365548203e-05
3.343122043768772183e-05
3.395134294380092144e-05
3.316780862256746087e-05
3.370311790096820292e-05
3.362026358113602982e-05
3.342785766797649221e-05
3.358786733391280917e-05
3.312288785132407585e-05
3.341910327240393385e-05
3.350513587821056429e-05
3.291799558512977577e-05
3.316362909361751155e-05
3.326017180204140768e-05
3.286867465927849401e-05
3.316732086512312285e-05
3.338505344980953980e-05
3.272937597269997200e-05
3.304347725504975879e-05
3.268186131892389959e-05
3.275433754062624637e-05
3.276885904898722059e-05
3.272571195291630169e-05
3.278847684555299155e-05
3.278746508760417420e-05
3.272188052115102854e-05
3.290368267025181674e-05
3.266143017220459756e-05
3.278881457894326388e-05
3.243292317646712613e-05
3.245944005558472692e-05
3.234188572409719595e-05
3.267055532871786293e-05
3.201883217681553243e-05
3.191539563030506893e-05
3.272003011760433853e-05
3.242807853661678702e-05
3.223471108304255616e-05
3.168770958665773942e-05
3.209980056422110826e-05
3.246984017361695456e-05
3.243142706386609761e-05
3.226884465102357926e-05
3.206286129696974546e-05
3.197540686023727806e-05
3.176870954882294749e-05
3.237348958703560223e-05
3.194105532075748079e-05
3.251148235829051121e-05
3.156574537163022169e-05
3.161182853006879796e-05
3.147016239475163967e-05
3.185615891947518271e-05
3.208047140133990380e-05
3.168121435621668627e-05
3.189484997267036853e-05
3.176811803316378024e-05
3.174764464312447760e-05
3.131872813019367225e-05
3.141371205300711849e-05
3.168990158108365567e-05
3.172192300531244993e-05
3.175069829599083394e-05
3.139085715360599650e-05
3.099815692701594124e-05
3.152591022269790095e-05
3.135789167823316081e-05
3.156570346353109938e-05
3.126472735841727489e-05
3.117404523733878746e-05
3.131232285181931551e-05
3.134803606725441316e-05
3.125279242576922700e-05
3.092293295003404002e-05
3.097771775390679050e-05
3.085259631626783753e-05
3.074131062027458765e-05
3.139687967531777977e-05
3.121622436932394945e-05
3.102284042624892731e-05
3.076278075130213220e-05
3.090965060432490218e-05
3.110215960999110525e-05
3.053976195864108672e-05
3.045259463157537608e-05
3.064442344219843288e-05
3.101488475713880055e-05
3.048074634616243679e-05
3.070786717189465819e-05
3.091439635621131600e-05
3.069658631348845421e-05
3.056569193412754455e-05
3.064889115658557279e-05
3.037137066468060089e-05
3.023460210752555290e-05
3.019718199885570957e-05
3.053995567261675345e-05
3.028499750278543606e-05
3.014865373310267189e-05
3.057090187879427557e-05
3.033131481568747363e-05
3.048059554453861380e-05
3.070632421409829076e-05
3.002898872031343748e-05
3.040770089594707073e-05
3.041492888067286318e-05
3.013500912823094223e-05
2.972275561982084470e-05
2.997268083759250466e-05
3.020081963426589681e-05
2.996418434945284420e-05
2.997033480736991767e-05
2.975036872782885346e-05
2.993501551751365938e-05
3.043327372249284425e-05
2.983746380070195501e-05
3.018660989476064285e-05
2.961311191773730427e-05
2.958177647671934786e-05
2.996907513237642560e-05
2.997020334144421367e-05
2.969813201086254060e-05
2.971318692801506743e-05
2.943522794737392321e-05
2.965606714587971259e-05
2.964743152421518417e-05
2.967228963575116349e-05
2.971794923749765334e-05
2.951864219239477274e-05
2.966137662651654696e-05
2.952087434978023904e-05
2.944030291553592250e-05
2.916254685658824789e-05
2.932003582551740193e-05
2.910074592649609349e-05
2.958196234280768640e-05
2.920929980329723682e-05
2.909880066180498172e-05
2.932967328652882091e-05
2.928716040553235172e-05
2.930344804842652969e-05
2.936106358962882788e-05
2.910198340404083179e-05
2.914092031268328533e-05
2.929908499552371314e-05
2.926581146364288445e-05
2.907273464416065866e-05
2.915678270093767608e-05
2.856365328228249178e-05
2.928478529486925886e-05
2.840249975885216060e-05
2.882929548862187040e-05
2.905844755052337341e-05
2.889384623554655090e-05
2.867233249733402018e-05
2.884929122757721453e-05
2.897810324031482553e-05
2.873729617560720522e-05
2.863372297018205117e-05
2.852195219776916009e-05
2.882160677208702322e-05
2.881059908400718494e-05
2.884376812386513697e-05
2.862559750484575588e-05
2.837195754629093247e-05
2.846630702943630378e-05
2.869663302037405204e-05
2.858233656995433244e-05
2.845500386343531270e-05
2.835489753065084098e-05
2.834961761940497246e-05
2.822255353053050901e-05
2.853811892282081327e-05
2.820404036309981824e-05
2.849332410835292157e-05
2.794790939158675876e-05
2.845110145248659839e-05
2.779012264669661122e-05
2.811549838379420621e-05
2.821053621322016706e-05
2.829904866561767278e-05
2.828082683794586917e-05
2.795913056029094608e-05
2.772608138750902858e-05
2.787062921996940107e-05
2.801816301820323708e-05
2.784516900566086435e-05
2.812755342004820874e-05
2.788196507347186752e-05
2.788138162220201230e-05
2.796639410023829981e-05
2.791445671606975596e-05
2.761477512654002083e-05
2.770796123476757815e-05
2.780223791890061718e-05
2.780666781430048961e-05
2.752304818867400577e-05
2.768718671655418602e-05
2.772564586988715730e-05
2.786906347394993609e-05
2.759422077244401083e-05
2.774067406943005648e-05
2.754421049009206761e-05
2.746268510710753587e-05
2.736864307943110938e-05
2.740560580050539121e-05
2.772956811182728402e-05
2.775884725198660076e-05
2.744347998440638199e-05
2.746471393197484138e-05
2.737662518432156552e-05
2.709762292678357569e-05
2.755123072004536137e-05
2.732424416274678147e-05
2.732209107504741312e-05
2.760985478366131897e-05
2.744659864184673096e-05
2.716493326160527704e-05
2.722782865259519287e-05
2.700935042957490305e-05
2.686356988833205110e-05
2.682811304113405485e-05
2.688299548040396490e-05
2.691218019954716071e-05
2.718866294632019654e-05
2.735013755594301285e-05
2.721957042447998445e-05
2.659102032210082725e-05
2.655714154874041751e-05
2.695676886496185812e-05
2.676468431294201541e-05
2.675903650509336729e-05
2.688472127426810726e-05
2.700888273105721878e-05
2.727178069708640170e-05
2.684545010633528523e-05
2.703583985376551368e-05
2.688791355036089016e-05
2.633077718166650617e-05
2.662247838789395869e-05
2.639988735057370508e-05
2.675003811680905230e-05
2.636339719755681211e-05
2.654320525240602379e-05
2.650255919394976602e-05
2.637339809644021537e-05
2.676467514615238715e-05
2.661990747650773727e-05
2.633539242776088805e-05
2.650537525378459674e-05
2.619295725779513190e-05
2.665248184092136810e-05
2.637217182684553515e-05
2.638731475680310023e-05
2.652010304102096058e-05
2.597914865375026896e-05
2.610841087417573142e-05
2.604141285227602078e-05
2.612173789209372668e-05
2.601120842308465739e-05
2.635057142828370932e-05
2.592470778909758278e-05
2.633801903946798083e-05
2.610752134279248322e-05
2.567716224408733103e-05
2.633116301627209417e-05
2.598628077715272317e-05
2.648348591200130986e-05
2.581415693282813919e-05
2.544012742700242868e-05
2.576839202417289756e-05
2.576668562978549727e-05
2.583927428963025890e-05
2.590517612719127536e-05
2.565661575785648034e-05
2.572243474495223891e-05
2.551996393875635794e-05
2.567220649197505305e-05
2.601361589607859652e-05
2.589607778956710287e-05
2.614513195827285883e-05
2.540380443678425868e-05
2.585830589537759641e-05
2.557874126257583456e-05
2.548215551765587629e-05
2.579131907590694246e-05
2.572045138783652339e-05
2.546676860775499011e-05
2.537599433411056639e-05
2.545209226481039169e-05
2.592035033107613934e-05
2.502392034216518722e-05
2.513627451759541418e-05
2.532747541308084742e-05
2.547938655838814787e-05
2.548760937647749265e-05
2.541011293243275923e-05
2.508832688603236630e-05
2.551422286178082487e-05
2.498544189995331795e-05
2.515293543173455679e-05
2.501822196529096553e-05
2.515538856052957915e-05
2.496603588824641297e-05
2.513363144076326809e-05
2.492676583754095123e-05
2.546685338162415173e-05
2.497687475541937501e-05
2.513353311491846033e-05
2.459969458719163621e-05
2.473216187448761962e-05
2.512935897737251245e-05
2.507956517434783796e-05
2.526071409241159121e-05
2.498806986158801316e-05
2.481335518319149726e-05
2.496641794461749742e-05
2.468287396946543057e-05
2.481694929305872598e-05
2.489936723133823743e-05
2.481838682984064274e-05
2.468809868102768250e-05
2.493680423972998789e-05
2.466932106203129429e-05
2.484957883321077890e-05
2.483703032015936697e-05
2.469496329833156210e-05
2.471924111080962697e-05
2.505573789499868415e-05
2.488858206990054859e-05
2.442940621789477029e-05
2.446852076197330846e-05
2.447667723031012120e-05
2.408163587136324601e-05
2.481622050235581623e-05
2.466141682916762767e-05
2.470595827303225672e-05
2.455911156667657844e-05
2.445369828085233778e-05
2.451867558069049566e-05
2.418683250651746026e-05
2.464409884731291666e-05
2.432928223140685170e-05
2.452509208534173885e-05
2.416582719982294844e-05
2.415619163399118746e-05
2.437511456171619217e-05
2.444972053234658918e-05
2.442408620238561788e-05
2.435902660320842780e-05
2.432948830260326097e-05
2.405719422644097112e-05
2.415783014714172170e-05
2.411812691213473050e-05
2.414821933026932251e-05
2.438137199507190483e-05
2.379827762440017542e-05
2.439597843168640594e-05
2.415282934587074167e-05
2.410420095229871764e-05
2.388633837547725000e-05
2.410282141800881449e-05
2.383427914206609965e-05
2.357348285728358205e-05
2.364941734386613440e-05
2.362009208094569310e-05
2.383543795228295741e-05
2.376877814169313339e-05
2.378845586249383413e-05
2.405183588473165773e-05
2.358029073196284494e-05
2.369775831222675655e-05
2.385060235858509336e-05
2.406096543712759830e-05
2.374601197243316923e-05
2.352204033151362398e-05
2.365071435046047014e-05
2.369994165793697736e-05
2.372871926082220420e-05
2.355664295553694856e-05
2.335990126660513716e-05
2.327583157717884134e-05
2.348117259649560223e-05
2.364698163926393792e-05
2.372939070292913894e-05
2.338439783517465309e-05
2.341023958642543431e-05
2.354456501936490022e-05
2.363715874406386447e-05
2.355501727410841046e-05
2.325559827324165737e-05
2.337844555601155538e-05
2.312548108515020840e-05
2.331747844066021187e-05
2.322168814203357673e-05
2.325192115339974795e-05
2.324434462593615261e-05
2.310730113045230744e-05
2.287804824637391343e-05
2.304521587547629860e-05
2.303348983388085546e-05
2.322995434083623275e-05
2.297454905766470104e-05
2.264452810753064601e-05
2.294351937170648379e-05
2.306791817337991841e-05
2.308955895973570726e-05
2.296717304179531484e-05
2.293483749712975630e-05
2.296378142401624673e-05
2.289902415288550772e-05
2.314977166094264852e-05
2.305051624404279195e-05
2.282570448150795243e-05
2.315711383809736408e-05
2.296499071968417671e-05
2.282306029013224960e-05
2.295588333281772898e-05
2.307880923736168937e-05
2.257291148171295859e-05
2.293379169968098419e-05
2.280697230197519806e-05
2.287022953260318655e-05
2.255688541074102782e-05
2.253568481708311718e-05
2.304107866458296030e-05
2.269965285447934355e-05
2.260321876028856733e-05
2.265827280219012140e-05
2.284302115113268924e-05
2.273000121353022326e-05
2.258142984160519705e-05
2.276164113292398718e-05
2.262952695012319804e-05
2.240079314079689791e-05
2.289466461036184961e-05
2.245413833804244634e-05
2.234623448238039738e-05
2.255243924332930058e-05
2.248938923756415445e-05
2.242274059432790862e-05
2.284863390108333970e-05
2.251383332908020598e-05
2.242470531793332815e-05
2.211696792668233679e-05
2.236828491228892474e-05
2.240237152576558984e-05
2.214524969526678120e-05
2.186675104772505299e-05
2.195956776378056780e-05
2.195588165005653549e-05
2.247315082372746266e-05
2.212937472834264945e-05
2.211739959671951892e-05
2.216291852353665845e-05
2.236684272600831963e-05
2.211137484286994495e-05
2.182888626406110714e-05
2.224851054311220933e-05
2.177798152962070820e-05
2.176481427691674808e-05
2.245059851342669945e-05
2.195881721268270591e-05
2.193844276530316993e-05
2.228250393562573636e-05
2.210877350694974777e-05
2.210023509571784825e-05
2.195418525856945464e-05
2.216622108064680524e-05
2.190099362837586770e-05
2.217475807146052240e-05
2.214686958179225550e-05
2.186037828074472486e-05
2.198496609528429214e-05
2.174591097679820026e-05
2.158510789743126214e-05
2.187845199116848487e-05
2.170633948849825539e-05
2.159335958381377953e-05
2.202826945384862422e-05
2.154344265985015100e-05
2.175322844960051133e-05
2.171508736968017346e-05
2.153641324070201151e-05
2.145446820512431047e-05
2.151962418852996632e-05
2.153492138825394337e-05
2.166436842240308398e-05
2.145613706526831077e-05
2.146207334158980901e-05
2.137508447948454927e-05
2.167722100227229855e-05
2.206378449488977027e-05
2.132975749655876337e-05
2.158379658303432677e-05
2.150402613096839073e-05
2.139808642085566805e-05
2.159129785282586274e-05
2.148021355954235216e-05
2.126129781029537091e-05
2.130200508347235327e-05
2.122632307306967323e-05
2.137189886065294465e-05
2.122578058359473794e-05
2.105266922728635422e-05
2.154151537470347060e-05
2.106715166526554480e-05
2.123022308090337791e-05
2.130488885215608757e-05
2.114687455983112362e-05
2.122850802027571938e-05
2.124276067945520685e-05
2.144725005231618397e-05
2.122141794247334645e-05
2.098103940204825880e-05
2.129673134271218036e-05
2.108250795435167199e-05
2.144955607987354511e-05
2.119387466811950668e-05
2.080444699730300183e-05
2.108845575661524979e-05
2.105908433210760454e-05
2.118953164775074592e-05
2.103748637771297536e-05
2.091773130643809510e-05
2.105850170769143427e-05
2.097082974179391321e-05
2.093187364380659355e-05
2.084487746007490151e-05
2.090133740441703990e-05
2.094322314081490345e-05
2.068740876109871347e-05
2.104451026400288227e-05
2.084090106547040712e-05
2.055880912443680563e-05
2.078322826362193992e-05
2.077169553023247347e-05
2.085535438469821853e-05
2.064487094223116392e-05
2.070009070898428785e-05
2.069903038981050673e-05
2.107621019036296105e-05
2.100953567921244911e-05
2.089606946409835737e-05
2.088894985282980347e-05
2.055862908305830861e-05
2.055575033069972186e-05
2.055080721753010462e-05
2.057086868764284663e-05
2.092620350210813547e-05
2.078868161318441073e-05
2.051539887344687145e-05
2.049280080430893543e-05
2.052478708085450729e-05
2.048702075738738831e-05
2.011422256866648382e-05
2.028640738016604085e-05
2.063387527772732847e-05
2.032702311196587678e-05
2.042306954903637471e-05
2.042196972646566819e-05
1.992854300706892192e-05
2.053852705678246347e-05
2.044172229143679452e-05
2.023182570531717610e-05
2.011909784224066218e-05
2.034977687926288351e-05
2.017011363629486078e-05
2.024678138474779804e-05
1.996905131241962980e-05
2.029278868420246454e-05
1.997055569500670995e-05
2.021100345239392574e-05
2.043662197417684228e-05
2.003120672040331260e-05
2.021618020275370395e-05
1.977448366845494795e-05
2.032919483912456183e-05
2.028000637769659435e-05
2.036480803744629368e-05
1.992051176651076660e-05
2.030656048596532302e-05
1.969462490643286243e-05
1.995515558481026133e-05
2.008014130386343387e-05
1.979379132430917845e-05
1.991885721196427151e-05
2.038296884638110827e-05
1.984883125012821970e-05
1.993285345817299433e-05
2.002871322209468397e-05
1.987590696635684376e-05
1.970469749540476264e-05
1.972822584618958398e-05
1.961250334926038219e-05
1.978428023320675250e-05
1.978877534945865945e-05
1.962646633421545649e-05
1.969233124715973079e-05
1.980881324717252310e-05
1.947563648043800467e-05
1.967668208343112740e-05
1.996074876811239538e-05
1.963663861765626076e-05
1.985455957885618952e-05
1.951510959965300769e-05
1.952983722223591425e-05
1.982392526681747913e-05
1.943698175781839412e-05
1.984533832335097039e-05
1.960742644581928054e-05
1.945321958544706626e-05
1.955688107648229830e-05
1.944459667417113003e-05
1.956237806907625590e-05
1.941341824043361778e-05
1.958098079708754755e-05
1.934905656625144274e-05
1.985435414296529558e-05
1.982631792025453426e-05
1.942771298466030032e-05
1.957506468558736621e-05
1.965956877514316351e-05
1.946101883585283886e-05
1.944203930620918116e-05
1.940413678521707696e-05
1.932291581569907957e-05
1.931896212172688317e-05
1.895789958222031811e-05
1.956931044234114036e-05
1.912639897907817199e-05
1.923155783215319708e-05
1.933077171501916460e-05
1.940737412885442506e-05
1.923378158257542069e-05
1.936901010219329290e-05
1.950881160658896938e-05
1.909163127677631654e-05
1.925380780832402033e-05
1.892251362182183441e-05
1.923203563128139454e-05
1.900150600381451531e-05
1.905156785150584575e-05
1.891113131150435630e-05
1.909853898573696487e-05
1.960490493745795654e-05
1.934173824028910383e-05
1.913126888340052376e-05
1.913297465474898739e-05
1.903020312462926441e-05
1.902337913202113766e-05
1.920379949916726427e-05
1.882183766627145880e-05
1.892140513484932756e-05
1.886638205186676512e-05
1.913379458676281260e-05
1.879587008214438651e-05
1.901181035217813621e-05
1.924516588968048787e-05
1.906157517335984014e-05
1.897507251196814737e-05
1.891937845335293168e-05
1.904409079686813464e-05
1.885653888292700050e-05
1.892842529262907163e-05
1.910422716891379213e-05
1.881751623215061373e-05
1.904369391995664574e-05
1.868728088452670320e-05
1.868804078717231984e-05
1.855758498469136243e-05
1.880341609331477785e-05
1.890367157897171617e-05
1.868758198098543631e-05
1.869444968808109487e-05
1.863589797143469826e-05
1.876622636576163829e-05
1.868276729485077961e-05
1.891819083192824633e-05
1.880706138945448857e-05
1.837375462379941063e-05
1.865899451962897248e-05
1.885662365215178899e-05
1.865616898487395116e-05
1.853039990672617992e-05
1.839325023940762037e-05
1.864402474856931299e-05
1.841302358219304043e-05
1.866299162111683535e-05
1.877481493338605906e-05
1.871642142360288455e-05
1.827890106063270021e-05
1.850648800382408637e-05
1.841728576300377180e-05
1.851994462779558132e-05
1.852905920288736209e-05
1.818296788168111282e-05
1.856865068925458924e-05
1.845016613178778473e-05
1.842920902039218027e-05
1.828516959344967115e-05
1.844860811603736439e-05
1.847583953780828622e-05
1.837551531717740772e-05
1.827494470698453721e-05
1.839309869206489463e-05
1.859170571402087046e-05
1.817582273605926097e-05
1.825316774676965362e-05
1.827442171676708606e-05
1.812285197175982085e-05
1.811686017725353304e-05
1.831790634863654117e-05
1.817729088825711473e-05
1.859397118462108929e-05
1.829813052034264849e-05
1.787246620167396642e-05
1.818467710344322035e-05
1.825326733559405045e-05
1.809308030249473029e-05
1.809452015074388781e-05
1.797660720023845908e-05
1.780639813146661901e-05
1.796268244077537716e-05
1.825842512586172637e-05
1.799965675698516883e-05
1.835480027936421132e-05
1.783603263100748130e-05
1.811428681761337412e-05
1.838389833318621687e-05
1.789935864892485835e-05
1.815027425585767591e-05
1.784678370167091279e-05
1.830247844479420503e-05
1.821485986457069519e-05
1.799506095486346741e-05
1.783902632002640242e-05
1.774451720575069539e-05
1.781150110834680986e-05
1.759692406224259306e-05
1.807872423120122002e-05
1.837035090241153720e-05
1.795022671228687906e-05
1.779277109902480664e-05
1.773213014242854392e-05
1.783360660180049477e-05
1.769523213316765407e-05
1.813495887298098179e-05
1.792872825745789360e-05
1.764380473998716258e-05
1.789229845748238569e-05
1.771502539859369537e-05
1.786876391087196332e-05
1.763473658650028758e-05
1.756013197733861166e-05
1.769193023260865876e-05
1.772004663716587641e-05
1.768143425271882855e-05
1.771696508398223002e-05
1.748287841772699133e-05
1.778929597385277560e-05
1.754000215710547919e-05
1.752971162947784665e-05
1.729415301617003782e-05
1.776162251170454627e-05
1.748534867695644766e-05
1.763105688553646391e-05
1.738337395940089684e-05
1.774508426614394228e-05
1.739432950985504996e-05
1.756197869555554695e-05
1.723533069341969659e-05
1.753303985398741609e-05
1.740777299892059786e-05
1.752658110958053099e-05
1.699474442303066513e-05
1.740145868379393786e-05
1.746092383542488288e-05
1.734715926401583628e-05
1.733409095242079324e-05
1.724000059908436136e-05
1.727524819848210821e-05
1.740568704831121482e-05
1.715535084406923826e-05
1.727265573000336013e-05
1.710090480330479865e-05
1.751250315533449262e-05
1.754802743553858765e-05
1.735290005728846809e-05
1.745283536666681967e-05
1.740555313708375080e-05
1.737902636659465874e-05
1.727069570042053296e-05
1.730803218315823898e-05
1.722305169044671013e-05
1.711195637332434824e-05
1.716419506821474512e-05
1.705310771475090410e-05
1.729509951291284967e-05
1.705274119341301670e-05
1.684292037372846213e-05
1.725675477937618180e-05
1.720806393883188873e-05
1.706790918416589559e-05
1.702854727527135226e-05
1.702744332283278082e-05
1.713186511699369365e-05
1.710314854151167354e-05
1.711992733286106725e-05
1.703282405393340289e-05
1.694833314546249805e-05
1.692470835853888148e-05
1.706399784107975886e-05
1.700341791842535337e-05
1.682677057954141720e-05
1.726568023865986262e-05
1.676283744538834092e-05
1.684515904465904348e-05
1.679048489930212815e-05
1.685329764784685645e-05
1.688144175158336535e-05
1.669209999729124859e-05
1.723706374111705759e-05
1.701671672602043294e-05
1.680588609114665692e-05
1.683804860949322476e-05
1.681380403404109453e-05
1.679898751743296337e-05
1.706987057940531028e-05
1.699048175826071367e-05
1.667444190036983907e-05
1.690328635847332484e-05
1.689883030466190513e-05
1.683076170769827530e-05
1.694393675848936167e-05
1.677607069543858803e-05
1.689867757165491798e-05
1.674834889112680064e-05
1.675342454754702719e-05
1.655724578735716650e-05
1.658979580637617686e-05
1.669272638786563757e-05
1.678842813421677844e-05
1.664055593918692484e-05
1.648157318290634072e-05
1.670804628415252917e-05
1.670289324881648371e-05
1.668665416272174936e-05
1.668155576664479741e-05
1.655433425918802768e-05
1.659578216078945426e-05
1.677865739630960071e-05
1.641868637064227917e-05
1.666809608939315990e-05
1.635749174243231925e-05
1.662655616392360694e-05
1.658657277447313171e-05
1.645636485688740518e-05
1.657366245969760078e-05
1.624176461666530419e-05
1.626630929306907824e-05
1.643241057686429700e-05
1.632111687838556254e-05
1.626901077190806739e-05
1.635910239924170479e-05
1.648315020612218959e-05
1.649948120630694438e-05
1.649245819046721005e-05
1.632098797509667123e-05
1.625049762773224946e-05
1.633924164211269546e-05
1.619907511431689851e-05
1.617966019424264666e-05
1.621514585769388663e-05
1.627035288894299701e-05
1.621842920227756620e-05
1.631075633252570016e-05
1.620682309033340582e-05
1.661484837837942638e-05
1.605116606386717198e-05
1.615215559671969296e-05
1.641943720310611230e-05
1.619381122883980557e-05
1.630707505397061859e-05
1.630815446100085451e-05
1.634152043224207921e-05
1.634525470392066100e-05
1.631017153394068525e-05
1.618328654638602238e-05
1.618014821580882200e-05
1.605814669965683480e-05
1.631215820186123744e-05
1.597825702071977930e-05
1.644054149777215062e-05
1.568931600401116464e-05
1.601055673273370653e-05
1.608935652027306595e-05
1.620271034302748350e-05
1.620311027657023818e-05
1.604037482583074221e-05
1.565342731226017199e-05
1.601988567261162919e-05
1.604493240747451022e-05
1.595023092214634222e-05
1.590519494820584391e-05
1.589612400806772875e-05
1.590368138907763821e-05
1.602670855412881732e-05
1.611000878828482757e-05
1.599904206745664888e-05
1.558714635742602426e-05
1.596094924608049191e-05
1.594716101710096030e-05
1.593990475051412965e-05
1.618032706723110102e-05
1.610175327625227104e-05
1.584928825493193104e-05
1.582478384702520012e-05
1.572189227905336544e-05
1.597218784434523083e-05
1.559893606417110681e-05
1.609675996825573813e-05
1.596638578765739364e-05
1.588122954863665254e-05
1.612363820135899296e-05
1.567596680601964651e-05
1.578489895558218435e-05
1.573406719655934738e-05
1.601675467669461448e-05
1.546812006004959431e-05
1.575666697543692628e-05
1.555620418549426200e-05
1.575200239314818060e-05
1.579696397100742040e-05
1.562881772476710067e-05
1.575332891682786955e-05
1.550859078329727063e-05
1.553513899262372173e-05
1.551213767303892356e-05
1.589728727800485524e-05
1.560587313152507572e-05
1.576429009645329864e-05
1.557670776563631866e-05
1.571965899156943953e-05
1.551164317898531234e-05
1.538819950207932506e-05
1.565828820102211386e-05
1.571422433015959392e-05
1.551314845501315344e-05
1.555127418444216648e-05
1.547317057233277713e-05
1.561114325544022189e-05
1.545399815270776108e-05
1.552672463870420513e-05
1.574791873166411354e-05
1.557045867492127798e-05
1.530921892246237806e-05
1.547829004094964503e-05
1.523403025193347934e-05
1.563953597511608638e-05
1.538807112387790779e-05
1.551465340600085259e-05
1.552836894284630328e-05
1.549404458369380708e-05
1.545900124544988534e-05
1.556010456721993427e-05
1.539090351874775788e-05
1.536685675607576078e-05
1.539211788074637075e-05
1.554855389298594182e-05
1.533532291832076023e-05
1.565102865209006916e-05
1.545857154055714036e-05
1.544904071281250969e-05
1.524076044796705416e-05
1.535509838115086981e-05
1.520636775749382660e-05
1.537442817019929673e-05
1.511914891046926428e-05
1.553627399857239154e-05
1.564418724399703535e-05
1.529720715936301045e-05
1.496092381519820558e-05
1.513892055839338862e-05
1.523103801164353104e-05
1.518625609627222174e-05
1.527090984139637436e-05
1.523446003773326306e-05
1.518306953586240117e-05
1.522351482513123241e-05
1.508992884946532695e-05
1.519918654323892268e-05
1.531011889082086120e-05
1.509527142313442616e-05
1.525398837112488933e-05
1.518242212240476580e-05
1.537443232518118032e-05
1.513521526046282752e-05
1.503381535560552846e-05
1.508582267496827929e-05
1.510828026254212017e-05
1.490547317887821452e-05
1.494071537388713966e-05
1.500649384902168939e-05
1.493492410555495611e-05
1.486121917586538127e-05
1.493320332513962206e-05
1.494741587458140766e-05
1.516459473031866712e-05
1.480575885952248013e-05
1.496176520303882262e-05
1.493972542159403275e-05
1.491033899757369976e-05
1.487210481052165515e-05
1.488205133375073097e-05
1.513556096421862920e-05
1.485353069600860726e-05
1.495895791152232514e-05
1.488400869667183469e-05
1.489343200226441683e-05
1.487636698553224202e-05
1.475321782054609093e-05
1.477560107406284721e-05
1.485835607008524032e-05
1.465446495890074096e-05
1.469326916814156500e-05
1.510997793818870155e-05
1.453573344813315084e-05
1.476250227623862687e-05
1.493358583533737155e-05
1.454957494542538636e-05
1.463208031985638030e-05
1.500154305709031836e-05
1.501491475016487110e-05
1.447274771641982280e-05
1.481342227905259010e-05
1.487991160990914641e-05
1.463165037627665410e-05
1.469296331663711118e-05
1.453833880987951228e-05
1.485030579238394117e-05
1.492252789562001618e-05
1.488346350456248626e-05
1.464746222205812458e-05
1.463699154183676386e-05
1.477156403409671245e-05
1.449190182381748214e-05
1.440135073993444591e-05
1.462675028645416271e-05
1.445432364713085362e-05
1.459366227327436877e-05
1.489449611785129233e-05
1.469708573671408625e-05
1.464454471592422119e-05
1.460850579061520428e-05
1.477051546210006238e-05
1.455359976754787656e-05
1.474217590679595402e-05
1.461511380052581108e-05
1.439116487449944601e-05
1.455597258622031277e-05
1.437368464985091810e-05
1.453345299819115482e-05
1.435011593515252516e-05
1.453226371412810278e-05
1.437550794107127925e-05
1.441589556329625783e-05
1.427828743106914921e-05
1.453212056736972810e-05
1.440248178038794717e-05
1.444148543977763548e-05
1.450069619580040441e-05
1.435971457902629907e-05
1.441793002492867096e-05
1.430536668748073973e-05
1.414155369544574061e-05
1.445498684246593335e-05
1.441207455618712829e-05
1.429895807441521891e-05
1.405669041371546531e-05
1.423257794596481864e-05
1.426001737701430775e-05
1.417595033234953590e-05
1.441385303317512698e-05
1.430242506699495342e-05
1.443704746318862823e-05
1.446544111123794106e-05
1.414935511692870453e-05
1.419045992697488031e-05
1.441314811133697241e-05
1.415771096610580221e-05
1.432921506094109591e-05
1.426362569237952045e-05
1.409076980559878823e-05
1.419100214747666653e-05
1.424153871728985095e-05
1.419947373592681188e-05
1.421399135724722316e-05
1.456671035648360382e-05
1.410669649577280117e-05
1.419789041460870519e-05
1.434612214118964000e-05
1.427134069151112463e-05
1.395790096231876699e-05
1.404124902470755233e-05
1.413466362911452865e-05
1.418419220872246085e-05
1.396590415151278009e-05
1.407420692763558059e-05
1.426546850147025578e-05
1.392904322105593545e-05
1.405528715451338044e-05
1.392629869598525517e-05
1.402965138513764270e-05
1.410180870769358759e-05
1.425584146402326674e-05
1.414711114796565348e-05
1.436207592714234952e-05
1.412820550819572789e-05
1.386524102689376820e-05
1.400731066879786509e-05
1.394904595768345091e-05
1.414742039920787909e-05
1.401344169381615340e-05
1.402672086059502769e-05
1.399464878231032402e-05
1.392578732303594258e-05
1.413424613665580826e-05
1.372466176144287600e-05
1.404280756776055984e-05
1.408432610840667262e-05
1.373574075229472010e-05
1.397417463368077876e-05
1.402443500961891615e-05
1.410427512885313348e-05
1.414931776634313523e-05
1.377218733215601440e-05
1.385959727842159701e-05
1.348155499698567237e-05
1.388669373477990039e-05
1.381530083384918235e-05
1.391995603794115716e-05
1.374027355839571217e-05
1.388986916740741295e-05
1.384101409321580314e-05
1.388149473830486004e-05
1.384739923294570672e-05
1.368552367560438945e-05
1.390567685019396991e-05
1.370204330992212807e-05
1.385743552775634399e-05
1.383596235083433526e-05
1.364493455206984081e-05
1.360827236265197917e-05
1.358460073612261950e-05
1.379841376406669225e-05
1.365419939434419924e-05
1.369956370502881441e-05
1.385550585108032826e-05
1.366444845601609829e-05
1.402112768492202622e-05
1.348927248104613638e-05
1.367489540499062111e-05
1.359428564935445994e-05
1.370031344159065798e-05
1.362513853541074229e-05
1.349893066079208368e-05
1.366331417099037512e-05
1.351661095356819365e-05
1.361687525710487406e-05
1.334651570113886017e-05
1.338674866418825605e-05
1.330787046401574433e-05
1.375718196398165706e-05
1.357951841566427008e-05
1.354954440051778590e-05
1.345081321204417033e-05
1.349055942545276764e-05
1.342116249432392068e-05
1.368067249557752656e-05
1.342491330696588668e-05
1.348085137844985622e-05
1.348490208613183348e-05
1.328027365126848823e-05
1.350262293078646423e-05
1.335340260435155218e-05
1.346783885069446806e-05
1.356085803935130181e-05
1.365914618018508901e-05
1.376090971286550876e-05
1.341213541745490490e-05
1.335408139119465973e-05
1.341369567289357949e-05
1.323177248925024121e-05
1.338030495026090392e-05
1.341035792088983796e-05
1.350414590394760475e-05
1.326408961505169432e-05
1.319429001835763090e-05
1.348777413919578082e-05
1.321414482406951621e-05
1.359203969050869520e-05
1.342257929277515446e-05
1.328553671910256468e-05
1.346550133152528995e-05
1.337610574856287608e-05
1.311416501619070766e-05
1.319516831538336101e-05
1.321490076070377903e-05
1.337510051748066931e-05
1.358571075573383922e-05
1.320000743096272991e-05
1.326047522165799821e-05
1.317703085814677485e-05
1.301428082141693148e-05
1.333135896717043984e-05
1.338422131739626132e-05
1.325089821804089702e-05
1.307958639892086721e-05
1.317730474634253174e-05
1.315378362187941919e-05
1.311721934051621388e-05
1.333170481539194414e-05
1.325813602377722904e-05
1.319149150539882613e-05
1.290100938656038067e-05
1.309577912027865151e-05
1.316320072539432307e-05
1.336022522257247719e-05
1.329753997371339508e-05
1.324348553914004724e-05
1.294735176914838976e-05
1.319938522054609522e-05
1.319289485738681772e-05
1.300266138094402851e-05
1.308745484129574794e-05
1.304044901696112028e-05
1.307533192043586510e-05
1.323374597029743871e-05
1.314660381467769678e-05
1.301568981913453104e-05
1.296598169298987246e-05
1.293567112487045886e-05
1.315397437009468702e-05
1.300084781784053729e-05
1.306134499371807286e-05
1.298324787533306836e-05
1.295051837213151973e-05
1.318465061785915998e-05
1.320610625275511790e-05
1.313992989761815162e-05
1.293546805028769644e-05
1.285574323989031744e-05
1.288875075688885927e-05
1.313919164918507840e-05
1.290536525541539511e-05
1.298584228545505342e-05
1.265837338326163272e-05
1.283635949817659946e-05
1.293645158278544228e-05
1.265601308076882094e-05
1.309034664671382756e-05
1.281651395104111786e-05
1.308205887046877488e-05
1.269694216661572117e-05
1.296448932879788424e-05
1.307495167413370076e-05
1.285085513596745102e-05
1.299798336913125964e-05
1.307853402928041439e-05
1.268573389306002791e-05
1.290330223528996007e-05
1.272226291441938134e-05
1.288283183566335904e-05
1.287566234678067619e-05
1.251860594430351843e-05
1.287528260783833340e-05
1.300427881749086393e-05
1.263640974239317302e-05
1.277709425905006183e-05
1.291753505264668433e-05
1.285026299168495375e-05
1.273155304279059336e-05
1.282930296974200023e-05
1.282390906720967466e-05
1.282240856114295404e-05
1.275487699640371246e-05
1.285053157886168410e-05
1.285429977616676802e-05
1.287943489154916060e-05
1.267692480667071383e-05
1.272655719809872953e-05
1.253704551687531531e-05
1.239443789412916395e-05
1.266168411277099925e-05
1.269693962962889063e-05
1.278117693153650980e-05
1.278390844032993524e-05
1.255669327041479450e-05
1.272521857378943648e-05
1.255565133948729012e-05
1.247959028793745704e-05
1.271326700524816070e-05
1.281535841569405093e-05
1.242812003973843911e-05
1.251096243118952524e-05
1.257010523652238902e-05
1.253487999515193357e-05
1.242383320530878038e-05
1.253065254549811748e-05
1.259362854352094972e-05
1.244039928698482286e-05
1.254844721800110535e-05
1.258528375233160234e-05
1.245464809680223097e-05
1.255912527511813235e-05
1.221547110144727010e-05
1.246792412026016440e-05
1.235349601900743317e-05
1.251081889466906695e-05
1.238988194206150019e-05
1.242494703310675249e-05
1.231093333177202738e-05
1.234661943749856166e-05
1.259701912464272624e-05
1.253694402885490636e-05
1.235343219204097189e-05
1.237640198057236026e-05
1.242160561954587457e-05
1.275583115866960714e-05
1.241376261751072431e-05
1.236295428999583179e-05
1.231379286482917930e-05
1.241309924050282374e-05
1.225908467906389517e-05
1.239808972190698956e-05
1.240498144169110068e-05
1.256330774890477624e-05
1.242342260278787528e-05
1.228581104901950285e-05
1.241851950189439405e-05
1.233625553308118419e-05
1.234694914191633439e-05
1.251347752849370028e-05
1.227692115827697133e-05
1.234558453485236843e-05
1.249041324653823678e-05
1.257263845928750117e-05
1.231149552930403652e-05
1.238390354796623714e-05
1.226908213689071399e-05
1.222669996313825711e-05
1.227162207064795836e-05
1.227984838463512892e-05
1.234566955534164567e-05
1.218811857187387961e-05
1.227355874850424080e-05
1.228355713793667726e-05
1.202176916073824827e-05
1.222565418826111056e-05
1.217409041259917966e-05
1.220128222234742969e-05
1.211664996720508177e-05
1.218447505370818901e-05
1.216367510550610209e-05
1.209693039158465770e-05
1.191321150689442587e-05
1.203616233448739971e-05
1.214894777438625182e-05
1.238940134552545056e-05
1.205786048410369421e-05
1.229371218694012068e-05
1.203437005592593050e-05
1.221790096565183797e-05
1.219224358361435654e-05
1.205739404070549580e-05
1.205879829262911234e-05
1.224951680207400946e-05
1.200918098220576038e-05
1.203436279329094518e-05
1.217544155603667135e-05
1.214299677318915652e-05
1.240036543255838092e-05
1.218539803205574144e-05
1.186666223487884183e-05
1.204559007779863754e-05
1.203900012906229779e-05
1.213362010610217256e-05
1.224269968959968804e-05
1.212232127079642298e-05
1.207115603859418908e-05
1.184022002321308898e-05
1.180964625036305974e-05
1.202579369978727248e-05
1.201493182152250928e-05
1.207404434685889445e-05
1.217985635965763621e-05
1.210519373361115945e-05
1.202105046158476927e-05
1.185404703991900320e-05
1.179635694472899290e-05
1.219225021869128791e-05
1.191043982317846186e-05
1.194260599587899283e-05
1.186981217928521005e-05
1.197257745514709617e-05
1.197224265542335612e-05
1.220730510681902293e-05
1.184826905513274934e-05
1.196732800637876933e-05
1.184973346444855950e-05
1.216369428743495420e-05
1.184956728160696625e-05
1.216573258842312122e-05
1.193638012959355579e-05
1.189660729659942483e-05
1.181511061162271175e-05
