nan
nan
8.803097014931879349e-02
4.654858304801453434e-02
2.870179950683409559e-02
1.986588527716636257e-02
1.494863035567273700e-02
1.196572410258563840e-02
9.953993382232739773e-03
8.511303659483023323e-03
7.433433134840620148e-03
6.598398269496763557e-03
5.933253840054689317e-03
5.389863150304360917e-03
4.939338887986348230e-03
4.555645732903792003e-03
4.225164914616195283e-03
3.939449811692388032e-03
3.689984810283014182e-03
3.468699072168511619e-03
3.271231558642212663e-03
3.097959386233868195e-03
2.943110745170768924e-03
2.801696182198386374e-03
2.675089641361946911e-03
2.559385750826269172e-03
2.453820634761030416e-03
2.357626370811596091e-03
2.268881947696713575e-03
2.188778297135853413e-03
2.111495289301608402e-03
2.042650215492990227e-03
1.977366711224791233e-03
1.917127827693980002e-03
1.859647273365609308e-03
1.806918546768994469e-03
1.756619028491948880e-03
1.710543288723491212e-03
1.666305990193254300e-03
1.625106580268660022e-03
1.584193231030816456e-03
1.547638679240559249e-03
1.511746409584750674e-03
1.481329339354889004e-03
1.449076877046615768e-03
1.418380941938862747e-03
1.390179182985149670e-03
1.362304824520706214e-03
1.335933636306967705e-03
1.311562429185725645e-03
1.288210489164218816e-03
1.266114763028381189e-03
1.243036896308522508e-03
1.221566006172551070e-03
1.202300298242913335e-03
1.182906078907662584e-03
1.164130051742133564e-03
1.145969732749117396e-03
1.129253781811280846e-03
1.111990784899927805e-03
1.096256594418745876e-03
1.081700418481814849e-03
1.065111275911763801e-03
1.051156464170620482e-03
1.037520178761036681e-03
1.024436948920552691e-03
1.011159945937005781e-03
9.985126529306268938e-04
9.858523040662382862e-04
9.742237586158141284e-04
9.624043119785210708e-04
9.517787455236343839e-04
9.406860658685251919e-04
9.297192812041476075e-04
9.200873133116684813e-04
9.095488839015569140e-04
8.998316933525819707e-04
8.906621286160705574e-04
8.814268532015952446e-04
8.724933143429596579e-04
8.630940084565595768e-04
8.551826896958478631e-04
8.464777468403028105e-04
8.381213172252164126e-04
8.303047243993920586e-04
8.227157840314604275e-04
8.153809105691780992e-04
8.078959497294321314e-04
8.001770852537162023e-04
7.934140457534114661e-04
7.860253768384134303e-04
7.799807693263688824e-04
7.726048910935086377e-04
7.659096384338944571e-04
7.602308726907129654e-04
7.537404545216204585e-04
7.472493530468744642e-04
7.412605601731006013e-04
7.354636777940987353e-04
7.293332326408332247e-04
7.236875650917278446e-04
7.188466133375593248e-04
7.122886251726418937e-04
7.070359391112877130e-04
7.024149541232165787e-04
6.963502775675598508e-04
6.920930361474171609e-04
6.872917607397562674e-04
6.828227118664497147e-04
6.771343882015387573e-04
6.724120833701471020e-04
6.676140221233645231e-04
6.632423769582838999e-04
6.584125217357168422e-04
6.541550449869192605e-04
6.504219605715722474e-04
6.458172464508394727e-04
6.418057662904286384e-04
6.370853627611710538e-04
6.328001477871695321e-04
6.295431446119835071e-04
6.260101790064245700e-04
6.212385473186483875e-04
6.175328615264847644e-04
6.140272933436701636e-04
6.095521471189454654e-04
6.059703088018883032e-04
6.019004469374161607e-04
5.987404522457473108e-04
5.946871925232296652e-04
5.911970436314158747e-04
5.875336813947606030e-04
5.842266781784521707e-04
5.804508776308955160e-04
5.772104916584101493e-04
5.741015420003965338e-04
5.710440512953164540e-04
5.681021527845470749e-04
5.638628649081273668e-04
5.607782991764296730e-04
5.578744079047421884e-04
5.545978890850839730e-04
5.516933969138066362e-04
5.482414896563647016e-04
5.455340053125305516e-04
5.433036590856815109e-04
5.401141157928096527e-04
5.372544440604530439e-04
5.342692367371680399e-04
5.319864061352447097e-04
5.290600750754075130e-04
5.256941516795711911e-04
5.225541627853654263e-04
5.208358440774292454e-04
5.178539160804471533e-04
5.146970308660835016e-04
5.128064643118563064e-04
5.102345913759363197e-04
5.073325114916722462e-04
5.054238148714223621e-04
5.023768753024430642e-04
4.995750256280637311e-04
4.978008787826841653e-04
4.949044368687657760e-04
4.927535879583111239e-04
4.901114415641734607e-04
4.874766666069319052e-04
4.850804777682908965e-04
4.832019771345205921e-04
4.800300549561200550e-04
4.784244529533743240e-04
4.767102419014911151e-04
4.735846235082820984e-04
4.717198286391809819e-04
4.690309647222333598e-04
4.671934220280039309e-04
4.647570769587839592e-04
4.628650752862851483e-04
4.613855878179583996e-04
4.586718134031054638e-04
4.572289814118824327e-04
4.546443742072531083e-04
4.528109647952160456e-04
4.502158062736230193e-04
4.479036764906412665e-04
4.460653511022976184e-04
4.445434897224697594e-04
4.423377157577164463e-04
4.403961184114957403e-04
4.387538374971295947e-04
4.369062415299837109e-04
4.345023672320820051e-04
4.323346100836080201e-04
4.308365997871570403e-04
4.286426776725348617e-04
4.272087652753992501e-04
4.252120208237173782e-04
4.232510516242794264e-04
4.217863736920344597e-04
4.200311749093776350e-04
4.183222705975716909e-04
4.163444309213424699e-04
4.154020903722931363e-04
4.135553893085487437e-04
4.109945259177895990e-04
4.097583746690757422e-04
4.080203629303828902e-04
4.057971506925842835e-04
4.046162085231465072e-04
4.027962065348375423e-04
4.015299888706495607e-04
3.995953732463609952e-04
3.978469823704357971e-04
3.964763213632331606e-04
3.945645963294000568e-04
3.932237216441268873e-04
3.915099057975146937e-04
3.898116762165004367e-04
3.881094535825459603e-04
3.865414479567287967e-04
3.854485163305777264e-04
3.841551975792107613e-04
3.822540858105184704e-04
3.809422647514971462e-04
3.797157501176747678e-04
3.782625865160984700e-04
3.764741629373898860e-04
3.754355370372063441e-04
3.736234723125385912e-04
3.724403916081802692e-04
3.712208010160400235e-04
3.695949333961203224e-04
3.679990002604448078e-04
3.664288704300181789e-04
3.652034944357167409e-04
3.635729054260913558e-04
3.617900426848370192e-04
3.609256723380578993e-04
3.595554544855983077e-04
3.584056879955281778e-04
3.569568629266894303e-04
3.556230327554862100e-04
3.541498157933074191e-04
3.526998307713094852e-04
3.514774499629699290e-04
3.504519462800716580e-04
3.489827689163506894e-04
3.478362352606454051e-04
3.466127695590871306e-04
3.453342686176505676e-04
3.439998111219172970e-04
3.427387002898992950e-04
3.412096599543474966e-04
3.398960439380419658e-04
3.389963568434957160e-04
3.379279859265231132e-04
3.365236869221093939e-04
3.353005055998511757e-04
3.344507109318298156e-04
3.332119184388796147e-04
3.317720673247183177e-04
3.302762407112452684e-04
3.293027046551268502e-04
3.279180181955295694e-04
3.273828923574173197e-04
3.260001780429641702e-04
3.247195025208944770e-04
3.237108109146534627e-04
3.227569376387686003e-04
3.213257577310156998e-04
3.199523654807765317e-04
3.194798450986501936e-04
3.176409573354701762e-04
3.167178731982956221e-04
3.157581859689434457e-04
3.143861922248558736e-04
3.134793278050853477e-04
3.124723183338759145e-04
3.112299953145137481e-04
3.103774732709618355e-04
3.091460104091908680e-04
3.084341877242149249e-04
3.070985405616160377e-04
3.067918304297228681e-04
3.053010267472157260e-04
3.043820184827908870e-04
3.032389200982067712e-04
3.024808863239787735e-04
3.012733274634993644e-04
3.003819415103117806e-04
2.993244921278484104e-04
2.981305879888955491e-04
2.971897358295990787e-04
2.961282561665334011e-04
2.956041136944296144e-04
2.945476827383791078e-04
2.931099583471653532e-04
2.927285019187393926e-04
2.914458710216423303e-04
2.901645067843022221e-04
2.897452580603761263e-04
2.887291594285363921e-04
2.879884070636406427e-04
2.867819109042085658e-04
2.861626984646038784e-04
2.850952059828322656e-04
2.844683646880361862e-04
2.834613185233329151e-04
2.819622353157966014e-04
2.810703165834501195e-04
2.804871205501447903e-04
2.794316708624664512e-04
2.790760647563824489e-04
2.783284734261418179e-04
2.769112020700085315e-04
2.763224508921105016e-04
2.754269892510636630e-04
2.746791318537003795e-04
2.737720863385045768e-04
2.728403081401830168e-04
2.716738664046743491e-04
2.707897871189462601e-04
2.699957927220006512e-04
2.690779595561102410e-04
2.678438182275230933e-04
2.673489229539642749e-04
2.665110747555220682e-04
2.657345905250557759e-04
2.649732654334091921e-04
2.640110005503420293e-04
2.636973820926936051e-04
2.622651653929431803e-04
2.615857716243176609e-04
2.606901492626179984e-04
2.601757697034626097e-04
2.589626672694256455e-04
2.584453893629890583e-04
2.576461742739140858e-04
2.566059542991896655e-04
2.562851854698713710e-04
2.554103531085704011e-04
2.544046844105630665e-04
2.535866661949374664e-04
2.528720895531851942e-04
2.520611522273779855e-04
2.514454227314993711e-04
2.504298967964854175e-04
2.496707969398012737e-04
2.489881042906428622e-04
2.484606150377163293e-04
2.476766300319885534e-04
2.471307371562793506e-04
2.461676309261460072e-04
2.453119039649498336e-04
2.449366464311458769e-04
2.442007448531466362e-04
2.433385110466825994e-04
2.425198886537787779e-04
2.417130356309637367e-04
2.412980652424422871e-04
2.405011862583579735e-04
2.397996894394219605e-04
2.386596889210311229e-04
2.381147730110731925e-04
2.375412269706803363e-04
2.366037714264512804e-04
2.363424540133549686e-04
2.359519922754601813e-04
2.349994368263873766e-04
2.343556980745612926e-04
2.336664593849275271e-04
2.327977800264541275e-04
2.323520645092251244e-04
2.312824269594821456e-04
2.311504764546210716e-04
2.302380012733355903e-04
2.294206042685604911e-04
2.292493668175087681e-04
2.283697859159974778e-04
2.275663984105462899e-04
2.271004101509671081e-04
2.266527045817310509e-04
2.253540428424522803e-04
2.250773717138478125e-04
2.243590545830862447e-04
2.240365692295624061e-04
2.231498125598082715e-04
2.223345512049403094e-04
2.220429337246584772e-04
2.211994332211345785e-04
2.204114273247395866e-04
2.202700936933236651e-04
2.198022326340878362e-04
2.192332222218233196e-04
2.183245384275172988e-04
2.177247647071064529e-04
2.165687140182309515e-04
2.162059275543022673e-04
2.159767113858009817e-04
2.154249287698884201e-04
2.148081964200622429e-04
2.138725934670374367e-04
2.133135568658571870e-04
2.130417051434977326e-04
2.121749596181323578e-04
2.115634870230381163e-04
2.110909343741419557e-04
2.106111407234310972e-04
2.101491405743706356e-04
2.095383487563710033e-04
2.085919936846464165e-04
2.084532275000143965e-04
2.075021347208392273e-04
2.070796011663888461e-04
2.065651522286276781e-04
2.062387563347534256e-04
2.055696781787647834e-04
2.045807842993551935e-04
2.043548800326603124e-04
2.038538979149640766e-04
2.032353406028739636e-04
2.026245637299337087e-04
2.021936176570210766e-04
2.012575540092774603e-04
2.007785469143766690e-04
2.007643729655221045e-04
2.000239177214214450e-04
1.994017391600781263e-04
1.987058878609671226e-04
1.977618240932687156e-04
1.973148047678370076e-04
1.970031301659929041e-04
1.968081620324399863e-04
1.958747340100178212e-04
1.954218617090866116e-04
1.950250118633691031e-04
1.943398357304500104e-04
1.941225800318692376e-04
1.936650397348884853e-04
1.933226779735793259e-04
1.926046913611800034e-04
1.917071545481090374e-04
1.915558848084503759e-04
1.908351991789437765e-04
1.903769982852104587e-04
1.901589232776611975e-04
1.896264317331415638e-04
1.888828224190160525e-04
1.883500032041129165e-04
1.881102736818303042e-04
1.874234854926306465e-04
1.869915842742691430e-04
1.863801456467538680e-04
1.856957884985260918e-04
1.856730702183513387e-04
1.848678949370619745e-04
1.843620786729811964e-04
1.839469673091729640e-04
1.837654361663548644e-04
1.829523243858557479e-04
1.827120352653712387e-04
1.819457505181890805e-04
1.816310120964703060e-04
1.809271574312766172e-04
1.807852467657913788e-04
1.802992020910581920e-04
1.800877591038146095e-04
1.795238570793850660e-04
1.789629140077514142e-04
1.785259776496477230e-04
1.778250407691914616e-04
1.773901604121241296e-04
1.771026386757160187e-04
1.765623340139177151e-04
1.759476772749445973e-04
1.751823043980877271e-04
1.753850115783949426e-04
1.747168651714963198e-04
1.745343237348922257e-04
1.737327388077626990e-04
1.736844659623101720e-04
1.730647558736290233e-04
1.725623409620018699e-04
1.720760867946299791e-04
1.716098952554426715e-04
1.709205254662667680e-04
1.707414685966168288e-04
1.702639846487074378e-04
1.699901908560309479e-04
1.693083357647478593e-04
1.689640694980840900e-04
1.686776899937157800e-04
1.681961038402053556e-04
1.680276111200948322e-04
1.672557112384396140e-04
1.671493567763639946e-04
1.664317700294703963e-04
1.662188959958275946e-04
1.659547837081628771e-04
1.650055641093617852e-04
1.647126136969891868e-04
1.645132639081136531e-04
1.641659882789277400e-04
1.637520596025131378e-04
1.635208247122723571e-04
1.628381360901656684e-04
1.626274513098021246e-04
1.618015943994649151e-04
1.616648806572320912e-04
1.612973773791786039e-04
1.605622439267106430e-04
1.609005829142267426e-04
1.603788149949346865e-04
1.597434611061410408e-04
1.593388709525658711e-04
1.587818499651033014e-04
1.586371979129030723e-04
1.583929863622608682e-04
1.575381560711204998e-04
1.574038320168063870e-04
1.569485990416892617e-04
1.569314011420094401e-04
1.564061328689222378e-04
1.556730983664241354e-04
1.552877644800608719e-04
1.552791439305451101e-04
1.547237321463712284e-04
1.545315036353811088e-04
1.542431044299875053e-04
1.535324411187724298e-04
1.534598931624697065e-04
1.528291391019684115e-04
1.525595572217155202e-04
1.520957295333463170e-04
1.524045116210014507e-04
1.513650256686602702e-04
1.509355069818393673e-04
1.506675646976594278e-04
1.506199935151004868e-04
1.500087414125438577e-04
1.498681572486843655e-04
1.496310415624619455e-04
1.489768918414691287e-04
1.485978837961151905e-04
1.482318730127099723e-04
1.479650469968833649e-04
1.477399317623064739e-04
1.473002239763891415e-04
1.467279054418666178e-04
1.464092982858051411e-04
1.463509474419648142e-04
1.459676049790030038e-04
1.455248417787294692e-04
1.453325919391639420e-04
1.449223237485324509e-04
1.445595316505836607e-04
1.442867918967726101e-04
1.439965286906181891e-04
1.436325515623494600e-04
1.432220600497072639e-04
1.427936228137738068e-04
1.426634974087746094e-04
1.422294148963649954e-04
1.421014786814413819e-04
1.418316600831685489e-04
1.411856881858883730e-04
1.409606613851013953e-04
1.407744403192178319e-04
1.403975028469176467e-04
1.401903081798096045e-04
1.396121950461699476e-04
1.393781427622394820e-04
1.389234996459930887e-04
1.389496061857871682e-04
1.383345962926593948e-04
1.381054388118486129e-04
1.379189094702207351e-04
1.376566408381077564e-04
1.374269602770322978e-04
1.370673700755614980e-04
1.365991160002234220e-04
1.362419872072909296e-04
1.360842034842550739e-04
1.354680104879962929e-04
1.356791611904476402e-04
1.348049442736144114e-04
1.349438489848409778e-04
1.344787304470997471e-04
1.343456621398427539e-04
1.338024484883883582e-04
1.336534843594096658e-04
1.334251017502597789e-04
1.330897140197809356e-04
1.329498189762741303e-04
1.325236299064553160e-04
1.320938864444940993e-04
1.320106406421222287e-04
1.315256380700255661e-04
1.312071383237081387e-04
1.307262904633719504e-04
1.307776542035040573e-04
1.306424042320220014e-04
1.299396399891761603e-04
1.297160784432084069e-04
1.296274500216428862e-04
1.292251592045893821e-04
1.290617150572992368e-04
1.287332259065461439e-04
1.283757717863394441e-04
1.277756096884672223e-04
1.275075193355037302e-04
1.274887466834768318e-04
1.273069177742814490e-04
1.271189730921310824e-04
1.266869198731852863e-04
1.265332273270996252e-04
1.264663787793827965e-04
1.259160726499472071e-04
1.257968006172635524e-04
1.253193890710023960e-04
1.251298062848149562e-04
1.249535472970615061e-04
1.244689747822027659e-04
1.242622213560773045e-04
1.239997176927466120e-04
1.240300024441088158e-04
1.236430094398213698e-04
1.233243849694060036e-04
1.231257783248218541e-04
1.225898863289756418e-04
1.225879591745153506e-04
1.222250944732108599e-04
1.218883148128405326e-04
1.218417012440303331e-04
1.212523450513021709e-04
1.214031522598373503e-04
1.210204139918939515e-04
1.206545400315452529e-04
1.203273985266399131e-04
1.201900188039312713e-04
1.198877873814328533e-04
1.196340949749351160e-04
1.194581149879994219e-04
1.192010355451190664e-04
1.189369778477906015e-04
1.187749065993211263e-04
1.183451935092753957e-04
1.181819458994352883e-04
1.179437563543517411e-04
1.179047840095792101e-04
1.174773565658156378e-04
1.169810580188960808e-04
1.167747464031166992e-04
1.168116710666716903e-04
1.166133484370195290e-04
1.160682354563257021e-04
1.159296718031191777e-04
1.159544433062622719e-04
1.153200041100370046e-04
1.150528569482272591e-04
1.150289026313981705e-04
1.146964738058308607e-04
1.147845665923043147e-04
1.144210402589544218e-04
1.141307634038281284e-04
1.139859910293460033e-04
1.139336556497791739e-04
1.134187784756606339e-04
1.132589100441052103e-04
1.133246352618648146e-04
1.125765238269763301e-04
1.126164145629487013e-04
1.124886747712406575e-04
1.122115830600101040e-04
1.115514301963285823e-04
1.117894615616381901e-04
1.114884257285260276e-04
1.112428649666839472e-04
1.108738776728858053e-04
1.104558516700768141e-04
1.106741433263530014e-04
1.101830034922171749e-04
1.101527292210518002e-04
1.098473723400766384e-04
1.094118816613951498e-04
1.095263701322196002e-04
1.092229664402225871e-04
1.087827921334269705e-04
1.085718014711521283e-04
1.089233174261784146e-04
1.084837636491801574e-04
1.079881445131337020e-04
1.078943421622663960e-04
1.076848441711126186e-04
1.075216475677083484e-04
1.072138621530971831e-04
1.067596272221385924e-04
1.069129316389063022e-04
1.065379513273641071e-04
1.065201499060452762e-04
1.060451641511275377e-04
1.059434306293567706e-04
1.058970358795186683e-04
1.059683145518235657e-04
1.057064325909607951e-04
1.051613109178691332e-04
1.051195720813242964e-04
1.047752759762460593e-04
1.044846299169802285e-04
1.044497905557425078e-04
1.042003411598803873e-04
1.039693066883521841e-04
1.037701204368831541e-04
1.035394458532032331e-04
1.033453175083436126e-04
1.032755399203366057e-04
1.030169620515892625e-04
1.027171846358113186e-04
1.026887968511308190e-04
1.024980828678934624e-04
1.020881094061851907e-04
1.018792456711441045e-04
1.015167779457722358e-04
1.015099441833112001e-04
1.014288819233236956e-04
1.010852470398405955e-04
1.006778726045555331e-04
1.007385794341188060e-04
1.004370358282027101e-04
1.002656211745379575e-04
1.000132225390145795e-04
1.000702082698959675e-04
9.989330279176495547e-05
9.943639633502780013e-05
9.914151107771784397e-05
9.929233162237994452e-05
9.918514501259185275e-05
9.900366355686432255e-05
9.868657064186810569e-05
9.838488737724958755e-05
9.831230858426334295e-05
9.809588522779245131e-05
9.758763099948993577e-05
9.752295657552609819e-05
9.753750847750556870e-05
9.746966348751743441e-05
9.731209148507791510e-05
9.690478664228756994e-05
9.673371399366967229e-05
9.674382523860667606e-05
9.658358401470371025e-05
9.625234954545933543e-05
9.602458138154849508e-05
9.591328685538540741e-05
9.569973454742344919e-05
9.544987043539878086e-05
9.526367530333423384e-05
9.529399488646526808e-05
9.527715348625869895e-05
9.472231604738322959e-05
9.466031680173297752e-05
9.460779026529497293e-05
9.402344073652888780e-05
9.397536182877486220e-05
9.394441119274096958e-05
9.355378429299753430e-05
9.359286374951170128e-05
9.350855011005462260e-05
9.321880202413306113e-05
9.303484700184694615e-05
9.268550018022090188e-05
9.260971628407302326e-05
9.260562688564875000e-05
9.230861496388046209e-05
9.215176048691072820e-05
9.220819226395052389e-05
9.184859893547346111e-05
9.163862761972603932e-05
9.125554186003856166e-05
9.131640262997051984e-05
9.121761895481354094e-05
9.094775666158131408e-05
9.074149035360519087e-05
9.060827171706234005e-05
9.075598694244299406e-05
9.034596454540909567e-05
9.021148364719571865e-05
8.996827442998033052e-05
8.974101563032490863e-05
8.956684428691750793e-05
8.939645199856940103e-05
8.931456132558145394e-05
8.920181096481236800e-05
8.897771958012126346e-05
8.881814039262630556e-05
8.853795817331564324e-05
8.821926703187823462e-05
8.829789108109397462e-05
8.816054049843899767e-05
8.793557753334726762e-05
8.775178507150416458e-05
8.788848996022764575e-05
8.745604997710943026e-05
8.746412400120248253e-05
8.723058719956288927e-05
8.704560617580419063e-05
8.683065289594754546e-05
8.672522574817742884e-05
8.650288264658669880e-05
8.639639047252935515e-05
8.616941070358742573e-05
8.633272166719469821e-05
8.586931259165668864e-05
8.584537747208173801e-05
8.564168006738978774e-05
8.554847213018876002e-05
8.549045639321287767e-05
8.528199054487832465e-05
8.526435011565124903e-05
8.502687388812437579e-05
8.501832264569906259e-05
8.456992828013844916e-05
8.444225700860496565e-05
8.458466804931262094e-05
8.412234802046442161e-05
8.403453514941133210e-05
8.395876399468003143e-05
8.368509533552988516e-05
8.364016013291929999e-05
8.345384936869241978e-05
8.327582784068688867e-05
8.324480366082521652e-05
8.297540538868007404e-05
8.289357994549202777e-05
8.268201204335862554e-05
8.273632451171208685e-05
8.245323971018248108e-05
8.222350939292324382e-05
8.233763516710271909e-05
8.226477001932076404e-05
8.199385619900070843e-05
8.167658570740374236e-05
8.163766346436294834e-05
8.136259954483607076e-05
8.162309923107387971e-05
8.117558610608217342e-05
8.100083224958835415e-05
8.098227545449006000e-05
8.105454509178628352e-05
8.067000329123570417e-05
8.036544574605841164e-05
8.028200069445876063e-05
8.030112026633809635e-05
8.003717889724050656e-05
7.997126643756357809e-05
8.024640535000957041e-05
7.961155576213670398e-05
7.949559740692329821e-05
7.930327460644112517e-05
7.911846480271916469e-05
7.896180343604389609e-05
7.921203826649722991e-05
7.873698531297033325e-05
7.897262561235497311e-05
7.871525624650176783e-05
7.836173487845981970e-05
7.836886315448882124e-05
7.818762314667908905e-05
7.779658561378412131e-05
7.795979949288196255e-05
7.790402497400894977e-05
7.750766385949140131e-05
7.755677893346249073e-05
7.729360897758462087e-05
7.702838533339326742e-05
7.686234977192101827e-05
7.687655064743997217e-05
7.692251111846091626e-05
7.646655367168428831e-05
7.652724911845892864e-05
7.641893182987961452e-05
7.612360820244293367e-05
7.592352131802344287e-05
7.605136138093141276e-05
7.587078462297359820e-05
7.570855796271270903e-05
7.570605804332792589e-05
7.535734264972413627e-05
7.550372311737049225e-05
7.516685336316933179e-05
7.511411480422003080e-05
7.509285204451551430e-05
7.496740370803386966e-05
7.453705817701720764e-05
7.455059417651526364e-05
7.474890335205908697e-05
7.447068018038922237e-05
7.416450154959222587e-05
7.399900551944707603e-05
7.383982024546411596e-05
7.382068499173216744e-05
7.365327655478988650e-05
7.350589401817761231e-05
7.329134172447158231e-05
7.324137522385232714e-05
7.325908847824362318e-05
7.328558268464902589e-05
7.280351072382053540e-05
7.271637727259613871e-05
7.261579783960375885e-05
7.261361964493393277e-05
7.226534546901720369e-05
7.239912119798801561e-05
7.239098453863207451e-05
7.218809341120038597e-05
7.187516159483955903e-05
7.193434358804072894e-05
7.184837370908335311e-05
7.180339471243987401e-05
7.178388226807455694e-05
7.151068926016336048e-05
7.114625853770719288e-05
7.128743746163313151e-05
7.080779750863489756e-05
7.083667292559394767e-05
7.084430802869207274e-05
7.074624710536574082e-05
7.035007955885314663e-05
7.046133726370226496e-05
7.043264484620274067e-05
7.004525826710445054e-05
7.036592756607067242e-05
7.005955132787087712e-05
6.987755934823760401e-05
6.973218155597838374e-05
6.966747791576018459e-05
6.969507428226584729e-05
6.975147072589338087e-05
6.946437635406030005e-05
6.928970994023452316e-05
6.902255197478763149e-05
6.910561321151181130e-05
6.896345715058296985e-05
6.873602189702474844e-05
6.863137900139987182e-05
6.855768711432329863e-05
6.843825056178662141e-05
6.845894496977323544e-05
6.821430266645150692e-05
6.825700687741647677e-05
6.807152558981200807e-05
6.803134669113721042e-05
6.786115694184385871e-05
6.801778074624708183e-05
6.777133937847887746e-05
6.748415007749201196e-05
6.756152930182879259e-05
6.726002419732223609e-05
6.706523743230158503e-05
6.689631205637110449e-05
6.684098753390587679e-05
6.693886448084102611e-05
6.676705615191346117e-05
6.673803635072956587e-05
6.642730889984272270e-05
6.639371576689010704e-05
6.642467990203065799e-05
6.643520280017996618e-05
6.632880076582993922e-05
6.614647899437710755e-05
6.592851430700764979e-05
6.576330876709991465e-05
6.555002233906615146e-05
6.560205275333085104e-05
6.554536481968399402e-05
6.527707776354768176e-05
6.524898423496941404e-05
6.512779530661165245e-05
6.521979195975588582e-05
6.493097892751681041e-05
6.479816624015519871e-05
6.475452854997205661e-05
6.463878710776248563e-05
6.446253107134328089e-05
6.447863222437616524e-05
6.434589483190194398e-05
6.431288426637299176e-05
6.423624222283786983e-05
6.415831123617431598e-05
6.409601803222567356e-05
6.395034490423265219e-05
6.371401806981045253e-05
6.346144749306078950e-05
6.358849122260756825e-05
6.350055424166311515e-05
6.354754051038843401e-05
6.338501709133605427e-05
6.305244063951664707e-05
6.315314448417738583e-05
6.292421010487698736e-05
6.288936020714439945e-05
6.280456646171712291e-05
6.283154663361906146e-05
6.275166186155924813e-05
6.257585249537012985e-05
6.251387525861514015e-05
6.221739529815611036e-05
6.220926814197519025e-05
6.208243814238315289e-05
6.210438908457269354e-05
6.216100253780368367e-05
6.188680549466457691e-05
6.162447018480415482e-05
6.169631956292184673e-05
6.167806098847716865e-05
6.148854694365551857e-05
6.142833199224693487e-05
6.124871920638857027e-05
6.130424214982739225e-05
6.108403982022304662e-05
6.110582240367118335e-05
6.101717053874072404e-05
6.095787590562187015e-05
6.074217466314511474e-05
6.072924766081242494e-05
6.052201566132928324e-05
6.063314405210153287e-05
6.053284713060441615e-05
6.062694946798621284e-05
6.029613821687433364e-05
6.003472603718942283e-05
6.005474843320034802e-05
5.988587539177255220e-05
5.991736807503025548e-05
5.979626570298440292e-05
5.978750058649900571e-05
5.940129366210837960e-05
5.955617950617777520e-05
5.936433629698214029e-05
5.916741450937149972e-05
5.910472847948186495e-05
5.923990995393124253e-05
5.888059149361369693e-05
5.899405259595547513e-05
5.872074260069977077e-05
5.892818107126188208e-05
5.852734117373837355e-05
5.854737295457892955e-05
5.855362192927761572e-05
5.832488357753377688e-05
5.834649810877236850e-05
5.812578309489721280e-05
5.818841566388822993e-05
5.799798837561603187e-05
5.812482410197925865e-05
5.766106870281745143e-05
5.813564014829322491e-05
5.780640124197713206e-05
5.752930772171341718e-05
5.757787101872667579e-05
5.744979065449302004e-05
5.748961390831677185e-05
5.717257332835844256e-05
5.728774972533757338e-05
5.696160725554808452e-05
5.694054758122240402e-05
5.684643249283427471e-05
5.676921328281537752e-05
5.693050657738653021e-05
5.653054001101518204e-05
5.653301262629406240e-05
5.650051168698797834e-05
5.650863463531552661e-05
5.649565119937969849e-05
5.624513349011047992e-05
5.611489111318353998e-05
5.631588281942317455e-05
5.620911024929855165e-05
5.617871610074131651e-05
5.581553693437308228e-05
5.576789698608582732e-05
5.575002990571550421e-05
5.569488543710023932e-05
5.560838463187158003e-05
5.545328546787228101e-05
5.546316669451327572e-05
5.543550739330840616e-05
5.532464068566522047e-05
5.517891431055191054e-05
5.496055890697244302e-05
5.505288718137645298e-05
5.495657630699958633e-05
5.463994746213754429e-05
5.508085772169201918e-05
5.470184963036714995e-05
5.448059251940128044e-05
5.466404592699317615e-05
5.464433508549918416e-05
5.444080589597185052e-05
5.418335238783977354e-05
5.423625896665671976e-05
5.421023576340144114e-05
5.401794053861747627e-05
5.404588191652611714e-05
5.399401022505647698e-05
5.369237622689519208e-05
5.385885226727375432e-05
5.354463434833452238e-05
5.371722883282929354e-05
5.350057999416644951e-05
5.339039093599371648e-05
5.333897724141290348e-05
5.328425489969117114e-05
5.339631941360962472e-05
5.315256532937694817e-05
5.313974060570741086e-05
5.325104994510785944e-05
5.293653188000384220e-05
5.292844122085059861e-05
5.281817576941195947e-05
5.266348666370417519e-05
5.276238848087631361e-05
5.247650692327623397e-05
5.253856977801323389e-05
5.253403749094597138e-05
5.225082010015297843e-05
5.228777491002005185e-05
5.240428748167793687e-05
5.222046671402003591e-05
5.225603172399511032e-05
5.207002478564279124e-05
5.188856011602460168e-05
5.189188513225924393e-05
5.164208007925035756e-05
5.171685450991399718e-05
5.151158530215299889e-05
5.152350716470886484e-05
5.165199232615197867e-05
5.140209534340443631e-05
5.143482812022385261e-05
5.105273134823633041e-05
5.129087889857546483e-05
5.117051256827396410e-05
5.091875933282406536e-05
5.088518320056652477e-05
5.100579845436230324e-05
5.092919786158209202e-05
5.086311011387970201e-05
5.070461946237665897e-05
5.048659199339898096e-05
5.049412519792550097e-05
5.043811620499088187e-05
5.051058308924891805e-05
5.017692286679126891e-05
5.015989396778163569e-05
5.015263907399071140e-05
5.021268199869249822e-05
5.002121356923307314e-05
4.985372819365232143e-05
5.003223755088209354e-05
4.973722909366319036e-05
4.993698296444087919e-05
4.987984847325410026e-05
4.984386171303280825e-05
4.965148784366053131e-05
4.965274189707836289e-05
4.948095241177920392e-05
4.927165959594245000e-05
4.930897970882425592e-05
4.909285552161298801e-05
4.931686498704688723e-05
4.919010712358910792e-05
4.890732199972013894e-05
4.918441944289242163e-05
4.902498125591659908e-05
4.904291645703724831e-05
4.886813822915400777e-05
4.864876118668860349e-05
4.848253848469847590e-05
4.873988209916513015e-05
4.861570414497513740e-05
4.857046148028418660e-05
4.841736679230482237e-05
4.833490649968072086e-05
4.817174108715097981e-05
4.825333937872806932e-05
4.792865706741697494e-05
4.793142395530003734e-05
4.812511297027595366e-05
4.805621654565781100e-05
4.793822379588602567e-05
4.763782712052664270e-05
4.771273854962072494e-05
4.757773421751440492e-05
4.763700433870210482e-05
4.742076773600837621e-05
4.745477080728833483e-05
4.738152653350004068e-05
4.727069133525362455e-05
4.726192399140628959e-05
4.741444921548421815e-05
4.740373671429600649e-05
4.706851157144407120e-05
4.707637174657971466e-05
4.702273625341908279e-05
4.718059835651746998e-05
4.694392730320178279e-05
4.682118761569665111e-05
4.678475796406625164e-05
4.659558895523098308e-05
4.661194797864629062e-05
4.650365459067785061e-05
4.664942747029758303e-05
4.646774139364722670e-05
4.618138549924809396e-05
4.628971152582357456e-05
4.631388173718559999e-05
4.622005340219270339e-05
4.607327758325305229e-05
4.590627327884345363e-05
4.604278582067346964e-05
4.606422359812657768e-05
4.576323669534024366e-05
4.579718295506319728e-05
4.575086385014279970e-05
4.582004426229433538e-05
4.573555839608247383e-05
4.544380619167607150e-05
4.560585385359958166e-05
4.543930194354410475e-05
4.540432282063438802e-05
4.539609172758930024e-05
4.531071441851554165e-05
4.529230411796794311e-05
4.528064150603272955e-05
4.502607734984131360e-05
4.516162736321502439e-05
4.500265494693124339e-05
4.503700882513544929e-05
4.498208300693700773e-05
4.497836316497860103e-05
4.495274143883725955e-05
4.486264227040311309e-05
4.473570417862178300e-05
4.467598566539385642e-05
4.452812091507276558e-05
4.449753989279348087e-05
4.445497014576536290e-05
4.441606922825067815e-05
4.422225567065367948e-05
4.412777849264372122e-05
4.420372372073867588e-05
4.421520981562665394e-05
4.418560172012443547e-05
4.393826689184565166e-05
4.401068732860935218e-05
4.389622862809797464e-05
4.380977107295471997e-05
4.383893114189028656e-05
4.399628278588650106e-05
4.393026094638965355e-05
4.373101755438937784e-05
4.363344245267462357e-05
4.353369317485650833e-05
4.345037862087827393e-05
4.366633706207631409e-05
4.329633003781575498e-05
4.331713596310354043e-05
4.336353305694010536e-05
4.310764656434044407e-05
4.305781612296248216e-05
4.313746920573501275e-05
4.292796825934462108e-05
4.289671709746362783e-05
4.287477520066332814e-05
4.265581530629505565e-05
4.275203898814223667e-05
4.274583457566216428e-05
4.260011050847540252e-05
4.263083043439066285e-05
4.262239105904481253e-05
4.251208560622574405e-05
4.245161119800183427e-05
4.250191448571416942e-05
4.247729736457867347e-05
4.232300567135936585e-05
4.242585116859309472e-05
4.215483230050245386e-05
4.215453686431745701e-05
4.214048944903944392e-05
4.212180899971280679e-05
4.206915569505506754e-05
4.190484668191777045e-05
4.201975818032006573e-05
4.203616155623425359e-05
4.167650649193443805e-05
4.189650363885250576e-05
4.180930936210011119e-05
4.155827819715958806e-05
4.145006976182509870e-05
4.166512741063965085e-05
4.160421208583516456e-05
4.140276949987907348e-05
4.160813349481333326e-05
4.131054139529018735e-05
4.113252601135879730e-05
4.144125379415104446e-05
4.105792698767470760e-05
4.116740012736258607e-05
4.107498981923092595e-05
4.097288255787527182e-05
4.092471201344474816e-05
4.101547657712917316e-05
4.094977196980506665e-05
4.067660399934621297e-05
4.089781570218777322e-05
4.080270239824492070e-05
4.063966058897723171e-05
4.062626552807987058e-05
4.057470392975993576e-05
4.054132843006191822e-05
4.046246952800630501e-05
4.045272166501191345e-05
4.041581825044133309e-05
4.035147133321805414e-05
4.047547601722239227e-05
4.022110638779206280e-05
4.033356253775545377e-05
4.015305013909050444e-05
4.006026578818526300e-05
3.998399737441711837e-05
4.004573040056438513e-05
4.007829269981508745e-05
3.983210541461927481e-05
3.983895685059874137e-05
3.971593241120670428e-05
3.985506869733185741e-05
3.973701460847700796e-05
3.981361750615574653e-05
3.955497374777771735e-05
3.965702131102257074e-05
3.961308176348933205e-05
3.955607241077741220e-05
3.935599240453022205e-05
3.936288977667456079e-05
3.924675459308998876e-05
3.927321018523564574e-05
3.933015215034110464e-05
3.936692193341157311e-05
3.923847256022318391e-05
3.919222415396334203e-05
3.900939694630264925e-05
3.891111148467553648e-05
3.891765118622053334e-05
3.896296371389516166e-05
3.881855602309680051e-05
3.878080925360560588e-05
3.873157788017975617e-05
3.868951116018902740e-05
3.875943048842318773e-05
3.866681424680847929e-05
3.861162099780390670e-05
3.852187119501190274e-05
3.842087719814771886e-05
3.844508430332185990e-05
3.837047108196506962e-05
3.835232829342907090e-05
3.822692139931376312e-05
3.814506106338933189e-05
3.814458573340587580e-05
3.806347105978161323e-05
3.820124848647694834e-05
3.815017924020366516e-05
3.803373069016381777e-05
3.807655250187137432e-05
3.801741920881236963e-05
3.785148537828739504e-05
3.795233144096537669e-05
3.788231440770365577e-05
3.784945382040705151e-05
3.773529353585591763e-05
3.777916981044877529e-05
3.766020478950555942e-05
3.749348196574882027e-05
3.756143631680094851e-05
3.744964920803877496e-05
3.731936141506362063e-05
3.741731662233385844e-05
3.733515885000512457e-05
3.739802755351674299e-05
3.720805286837920999e-05
3.711735845997457062e-05
3.712926568676684755e-05
3.720783793678695135e-05
3.705828550686975662e-05
3.703744603737143718e-05
3.702359123720207429e-05
3.707699433732526847e-05
3.688655256565673594e-05
3.705674894169660246e-05
3.673989342655480578e-05
3.692225519207693917e-05
3.685593595288818919e-05
3.679402462918108705e-05
3.673200230567809582e-05
3.669195663287924030e-05
3.655808682547763915e-05
3.660896070852975035e-05
3.670688270241093142e-05
3.639469790290052740e-05
3.644738093235615965e-05
3.638387378254053140e-05
3.636685466998037424e-05
3.641017556353138310e-05
3.639699562231048864e-05
3.600112471111523746e-05
3.617193297357830680e-05
3.610949167053470574e-05
3.602370327270108531e-05
3.621099626475995990e-05
3.589049177913000900e-05
3.596120792698590131e-05
3.604055877554952639e-05
3.586799245531698487e-05
3.581107469670699698e-05
3.570853762083416743e-05
3.581626753645626997e-05
3.575874277674822199e-05
3.564744868492564548e-05
3.572100931151793890e-05
3.552988826840794325e-05
3.562671482486496396e-05
3.543673547619355575e-05
3.550150711516182497e-05
3.551800941656825463e-05
3.543799357024213914e-05
3.537152095879619326e-05
3.540220435688618765e-05
3.522353914774194558e-05
3.510679149801955646e-05
3.513947285292745766e-05
3.512651689014804944e-05
3.509235875710174630e-05
3.506456328114169568e-05
3.502801986784674502e-05
3.502736997082886363e-05
3.494429060491800791e-05
3.482610827117422727e-05
3.476463108475000416e-05
3.484573100060633558e-05
3.472324352253493431e-05
3.482011718196432255e-05
3.466043413898512067e-05
3.465254872807341615e-05
3.476141827280839890e-05
3.449657988278912878e-05
3.455144950300370892e-05
3.454001764698057481e-05
3.440520310066106551e-05
3.444488097544963858e-05
3.451382932106067695e-05
3.442512014267458691e-05
3.444033128637276033e-05
3.429126706120526368e-05
3.420985440653048152e-05
3.439576392119289664e-05
3.412372492666476323e-05
3.428758298943401648e-05
3.408865446497605833e-05
3.415941431332043679e-05
3.408404268703213945e-05
3.394200353051771705e-05
3.406363327731018491e-05
3.393569242481592294e-05
3.404098651696081960e-05
3.376779680852035260e-05
3.369222518030023017e-05
3.367240423555998863e-05
3.371037010889262406e-05
3.373066789103913645e-05
3.377364516633162380e-05
3.356735377047419749e-05
3.355344912883191253e-05
3.361338173269638827e-05
3.351087947292679265e-05
3.355536282432083960e-05
3.346276130392347254e-05
3.327170720695091260e-05
3.341315063755534708e-05
3.326484267081347051e-05
3.341123647435211279e-05
3.323895159410010416e-05
3.331021209514837427e-05
3.337896435394080950e-05
3.322425833947940569e-05
3.294971767553744630e-05
3.304044474935496109e-05
3.322078285300521689e-05
3.300403995020205944e-05
3.299998713537899940e-05
3.288051349060972325e-05
3.298585356368671480e-05
3.296353517975777878e-05
3.284668302951747050e-05
3.278268190847415082e-05
3.285601629119665488e-05
3.264090132393716333e-05
3.265222777409246621e-05
3.270074229335508738e-05
3.266805439279696100e-05
3.244076995363198067e-05
3.265270833440013910e-05
3.255636034672127784e-05
3.263036482548838644e-05
3.262442533137845964e-05
3.265297288852898698e-05
3.229716236147548011e-05
3.243532061424925781e-05
3.227274016741569910e-05
3.246186427305175996e-05
3.238600190444391276e-05
3.225714930544662724e-05
3.214095041024661760e-05
3.206312698589882781e-05
3.213178078893306837e-05
3.215907491518307418e-05
3.205658111440361262e-05
3.210540042355296308e-05
3.201006905185256748e-05
3.187867829474181415e-05
3.192556657291116946e-05
3.178948274367065705e-05
3.185031026183258475e-05
3.179472195505508592e-05
3.176146554043317842e-05
3.169889720759317336e-05
3.163973477922035109e-05
3.158580040637059389e-05
3.166320042052765216e-05
3.140487536226825279e-05
3.163632466507950233e-05
3.133904870067109254e-05
3.150663492823983959e-05
3.149889136735260520e-05
3.140478992392723974e-05
3.141786779502221650e-05
3.140615848411558512e-05
3.121715518615251903e-05
3.136670529046593357e-05
3.109684809484009862e-05
3.125147216022677225e-05
3.120104213977119344e-05
3.125471080881233867e-05
3.131602451008379175e-05
3.113008150026008795e-05
3.095244640672421940e-05
3.093963330254693604e-05
3.085427421476265173e-05
3.101595926677256970e-05
3.081276433521067901e-05
3.090687630441773387e-05
3.082342012334899852e-05
3.082110794619874125e-05
3.085109283695553021e-05
3.071569706073454573e-05
3.060060313869446356e-05
3.072346880997655412e-05
3.076671697550687466e-05
3.065177183725203167e-05
3.064943941722044895e-05
3.043495089964861703e-05
3.070672083262980588e-05
3.046957209180788575e-05
3.052194415496756809e-05
3.040713851658392012e-05
3.029213178253857016e-05
3.041270962110086327e-05
3.039339021892053944e-05
3.028050109990191717e-05
3.025974512419539350e-05
3.016179413525448872e-05
3.026952402782604650e-05
3.028897061219757439e-05
3.003458541680359965e-05
3.013470017242469455e-05
3.019807038491228912e-05
3.025268806643828255e-05
3.011552864172830512e-05
3.010569048958500768e-05
3.001381435516648028e-05
3.003539346668007793e-05
2.999451344006467284e-05
2.987852562422943506e-05
2.992668880104757577e-05
2.997475372921235614e-05
2.974128020986430295e-05
2.986394679914550893e-05
2.970101047956827896e-05
2.958099569465315985e-05
2.968499586022598774e-05
2.977776283433420979e-05
2.962770446505662807e-05
2.967821533615102643e-05
2.969992324917212215e-05
2.947438146196372424e-05
2.953445032905321104e-05
2.948135003752006832e-05
2.946321221116715238e-05
2.943853883237417820e-05
2.956436468502599281e-05
2.943784412243596467e-05
2.935206258609824329e-05
2.936134893532892635e-05
2.933997753023063511e-05
2.919267165323316743e-05
2.920428336191917490e-05
2.911307668216774714e-05
2.913072249552822881e-05
2.922729933161810270e-05
2.923477350006138705e-05
2.907127319290294133e-05
2.888646995984835123e-05
2.906527573638158015e-05
2.907678309048223394e-05
2.909542374890626627e-05
2.892716407158177314e-05
2.888860181616943420e-05
2.881430213071294031e-05
2.887932397026569657e-05
2.884898758686726763e-05
2.883707479798008780e-05
2.881529235514164293e-05
2.882142412957602100e-05
2.863497529616958746e-05
2.861920569384670233e-05
2.844518759514816554e-05
2.876940651759360665e-05
2.865464564789151164e-05
2.868193738611219510e-05
2.858280367033964341e-05
2.845472249393904765e-05
2.853872981734390478e-05
2.835537485541435705e-05
2.837212646821436507e-05
2.844635810554773983e-05
2.849155237211008009e-05
2.829658520637050594e-05
2.823822577024886018e-05
2.832980419853131453e-05
2.831763884267145468e-05
2.831332016690353949e-05
2.836446732140138563e-05
2.809342892029166575e-05
2.818778417541742420e-05
2.812480031940857444e-05
2.813246108894252394e-05
2.798957928348063613e-05
2.801699751130343048e-05
2.807868754374051221e-05
2.804274156197212057e-05
2.798846994589011507e-05
2.810543910484428163e-05
2.783929175638448240e-05
2.795687552035896841e-05
2.785617441284877628e-05
2.782740587594692946e-05
2.783123472135042736e-05
2.771605467453132446e-05
2.777579308014502092e-05
2.770090713087170999e-05
2.768976747163840433e-05
2.760932532686651285e-05
2.765278735103264733e-05
2.756129013710047757e-05
2.744567755221167222e-05
2.758022258400608719e-05
2.757751719528822121e-05
2.739564248818203912e-05
2.734749887070137868e-05
2.748060824596581926e-05
2.745299876728701867e-05
2.734309167604362037e-05
2.727158836290718906e-05
2.727918212908314764e-05
2.731337071823491947e-05
2.729186710298270459e-05
2.729161616427156249e-05
2.732316020013687716e-05
2.737310900955616997e-05
2.726606066327539398e-05
2.718706122235370345e-05
2.700193960580501436e-05
2.710168041124857733e-05
2.705670788935966861e-05
2.719111757784667394e-05
2.700382532290329359e-05
2.698379552899069034e-05
2.691185691114677034e-05
2.697666935374671258e-05
2.692138210420388735e-05
2.703747703813494827e-05
2.674142654243811957e-05
2.685440836796657246e-05
2.690741983499598351e-05
2.695128000071746663e-05
2.679371232119767877e-05
2.686069132462312110e-05
2.671879791974609506e-05
2.672750220315570579e-05
2.680216986903688202e-05
2.667113629125168392e-05
2.683578407710977414e-05
2.669537737955404301e-05
2.659928256021230273e-05
2.660240669845955093e-05
2.650891316410729229e-05
2.657106428358326492e-05
2.644361007563273338e-05
2.654730493561272556e-05
2.646498036294028238e-05
2.642321051142207676e-05
2.636113217184635768e-05
2.647425188495556867e-05
2.635160012433242259e-05
2.635205178687810793e-05
2.623590850103313006e-05
2.617766317211974835e-05
2.617609598917483495e-05
2.618433879673234965e-05
2.624962553006514305e-05
2.612491797062560595e-05
2.617224321068806238e-05
2.597592794750398760e-05
2.620509746451704517e-05
2.610554535902524082e-05
2.607785124862678489e-05
2.599352255906190584e-05
2.601262054880491189e-05
2.594109768590587090e-05
2.593018609660189134e-05
2.604206823154407100e-05
2.605893372518239151e-05
2.601104406137709751e-05
2.580365147073376716e-05
2.588494828740690325e-05
2.590063429590282556e-05
2.587013776039472375e-05
2.583786804623634497e-05
2.572701100373084090e-05
2.571342770028594673e-05
2.572373596062051080e-05
2.562321524076689597e-05
2.564003576683953129e-05
2.577615045635910096e-05
2.572198339919728582e-05
2.555186471350131676e-05
2.546905748210898047e-05
2.544073840532903554e-05
2.541724903821407629e-05
2.549053844793481389e-05
2.551059574727816063e-05
2.540908310057624208e-05
2.534998573767295900e-05
2.542198275151075036e-05
2.544668761263087627e-05
2.532055049886390254e-05
2.526101647489173711e-05
2.527587107829135056e-05
2.528660685024920168e-05
2.530634671034247458e-05
2.526301496544622560e-05
2.516746279816892628e-05
2.517362044083329013e-05
2.526622777417638336e-05
2.508791489065079276e-05
2.519389717102918399e-05
2.504357032572479514e-05
2.516551564324406658e-05
2.503066552247306789e-05
2.499967370233418352e-05
2.507455142368586470e-05
2.496572922899668189e-05
2.500154688999824652e-05
2.508290200274056035e-05
2.485600893904350619e-05
2.491286880086617786e-05
2.491560046611530124e-05
2.469846803466989869e-05
2.489164743294975003e-05
2.490072555593019881e-05
2.474308054201777100e-05
2.489607959283725823e-05
2.471976864628784215e-05
2.483120551572040846e-05
2.466950114897035863e-05
2.466570325251790766e-05
2.453043904552055837e-05
2.454039504676478663e-05
2.464239815429887688e-05
2.451091319828170372e-05
2.454542302188479372e-05
2.439762997431326209e-05
2.452440829257234291e-05
2.451119396342788914e-05
2.444289880054929757e-05
2.443344866384548092e-05
2.429815922078471294e-05
2.447325519723539465e-05
2.449488431078362653e-05
2.445481988309329503e-05
2.434068780998527792e-05
2.431817789397030982e-05
2.427986837007294020e-05
2.440532139507837483e-05
2.447398658933383703e-05
2.419673551857509240e-05
2.433251148080481651e-05
2.421053245374133890e-05
2.410663549212132406e-05
2.413434439447394733e-05
2.413749269105677195e-05
2.413998219343234700e-05
2.409276005654747372e-05
2.408000273225953091e-05
2.406669834333280341e-05
2.408912077704320861e-05
2.394656557645961537e-05
2.412966222316488709e-05
2.398601826672695794e-05
2.394201696528513594e-05
2.401762352727812637e-05
2.398003773990966145e-05
2.380348066569910594e-05
2.385940226090084828e-05
2.385620926306158756e-05
2.381605784949814475e-05
2.381151287736414012e-05
2.391659744932158222e-05
2.384396172471088380e-05
2.369073734263442362e-05
2.357398801669523161e-05
2.367712297891854623e-05
2.379877286954137734e-05
2.366011536949069806e-05
2.356925061531231366e-05
2.357292520855102546e-05
2.355347455522865317e-05
2.370154052478531647e-05
2.363181553213270853e-05
2.366717180759809173e-05
2.352267020296519004e-05
2.360411208682710045e-05
2.347513614263690266e-05
2.347736513011871191e-05
2.336856211143671628e-05
2.325336655673561023e-05
2.336492766675818416e-05
2.342725194926901196e-05
2.325633058018493267e-05
2.344952324563015530e-05
2.342309965464492755e-05
2.324860493529499052e-05
2.324172755536331686e-05
2.325236755744909377e-05
2.332695471746663339e-05
2.322079759811859865e-05
2.319621284259261701e-05
2.320369789257296681e-05
2.306527292546672192e-05
2.316558132080837073e-05
2.314129713650141262e-05
2.312442831069420410e-05
2.312498475248193151e-05
2.300250810797606769e-05
2.304116946530911051e-05
2.295644414922898697e-05
2.294866814052110083e-05
2.305552338838963037e-05
2.304083881520296561e-05
2.298666192271056516e-05
2.290969043417888154e-05
2.291695546004085063e-05
2.297913976994946431e-05
2.282583701129756157e-05
2.290035320818685106e-05
2.285498813988027221e-05
2.281756249749064181e-05
2.283062172972348042e-05
2.275565657928235570e-05
2.279546353473933077e-05
2.274960691790163211e-05
2.281044833388078642e-05
2.271372987327325722e-05
2.264807921381113308e-05
2.276960978246312859e-05
2.268297107169403774e-05
2.265115430959694417e-05
2.266182115917367374e-05
2.263008341742954804e-05
2.256869863597464506e-05
2.254673242353005632e-05
2.259989774445100830e-05
2.265390401714276203e-05
2.251536509708873808e-05
2.249592065726238870e-05
2.240174823241285467e-05
2.252240569674219403e-05
2.240452184972169358e-05
2.251664792692436209e-05
2.234819812940669361e-05
2.237662183658437162e-05
2.242047668106447901e-05
2.240004363931409533e-05
2.243464711437097832e-05
2.227153347135220403e-05
2.235764654730881763e-05
2.219829645505271942e-05
2.213135079102157170e-05
2.233322976012538572e-05
2.208637365264406492e-05
2.213422587843847321e-05
2.218409846878474455e-05
2.214104056445622003e-05
2.206997725404550716e-05
2.211200319254454726e-05
2.211500010150321154e-05
2.210803819644810582e-05
2.199938729926648038e-05
2.203367427797252789e-05
2.199768676719648312e-05
2.196147315592161404e-05
2.204652461902723826e-05
2.199046437042720013e-05
2.205466666606341390e-05
2.191504203081475806e-05
2.202459594452041419e-05
2.197586159680337938e-05
2.185782957303759110e-05
2.184769894280166907e-05
2.190788021210426947e-05
2.174820823722238650e-05
2.184914747915084356e-05
2.178078065418609507e-05
2.182486099845367869e-05
2.172286707447588491e-05
2.176455573704576499e-05
2.174805416076986225e-05
2.174278695066028918e-05
2.160033666326809801e-05
2.160796603478971071e-05
2.166310623931369148e-05
2.162559859958209014e-05
2.159599805627405596e-05
2.166315673890383068e-05
2.151921122494497346e-05
2.140895428763552819e-05
2.152928853458992115e-05
2.160689856675563963e-05
2.150813027002227936e-05
2.138392764166041480e-05
2.154472479169717883e-05
2.153163007219004079e-05
2.150888738912191589e-05
2.133654008873989548e-05
2.141971645089145839e-05
2.145457068304646825e-05
2.139573691441349083e-05
2.133264645698648471e-05
2.133547514532344467e-05
2.129814110219842220e-05
2.133546014778876012e-05
2.124491799419284349e-05
2.136326246669916057e-05
2.134820421840853401e-05
2.124403097619983788e-05
2.122042167860881617e-05
2.121767285713588723e-05
2.115349092289948196e-05
2.122672193166812225e-05
2.115636754007405100e-05
2.100208578754101461e-05
2.097740911120717390e-05
2.098547867447977006e-05
2.109969562316069282e-05
2.101278829130212881e-05
2.098536899231433057e-05
2.097047518399341176e-05
2.097899489847256067e-05
2.095305781611222302e-05
2.096611956143851405e-05
2.094733247451099044e-05
2.094896980967448529e-05
2.090498232633012708e-05
2.089427332118507850e-05
2.079958422688243304e-05
2.098173516345522936e-05
2.091769671955119242e-05
2.088931451975574216e-05
2.074507243174052561e-05
2.086472076831342364e-05
2.082768118754101786e-05
2.075451194852625037e-05
2.075092049159491331e-05
2.077560106181973489e-05
2.073149887300917516e-05
2.078958100324243839e-05
2.075286394793974637e-05
2.060920238001164641e-05
2.061783507902429806e-05
2.073163958525312540e-05
2.076903857111585882e-05
2.055854691361560745e-05
2.065954671797011710e-05
2.066952124529130896e-05
2.052373140129380141e-05
2.047855638619042559e-05
2.059565105117195659e-05
2.049255663941946685e-05
2.057323816965318997e-05
2.057055369723075983e-05
2.041306139884510023e-05
2.036908138564324789e-05
2.041259915172602583e-05
2.038862349034483495e-05
2.037265319395314048e-05
2.047348058087371958e-05
2.032150447444867598e-05
2.035089808271081213e-05
2.026478787346571215e-05
2.034662490417916850e-05
2.033184879579886723e-05
2.024961742696226454e-05
2.021487963888028008e-05
2.031973053573432923e-05
2.026864249934636226e-05
2.027341082123050977e-05
2.034003684570923149e-05
2.004088687293272946e-05
2.018111935055765080e-05
2.034711817768192479e-05
2.028630831887334683e-05
2.017601889165485351e-05
2.016558672813237836e-05
2.021705819784992708e-05
2.004329033793171000e-05
2.015128457372900603e-05
2.011083462859014696e-05
2.008121655723092144e-05
2.014253221609925684e-05
2.001336237324763631e-05
2.007278830701796679e-05
2.001087995515475244e-05
2.015885529406139385e-05
1.995933506724668723e-05
1.997588892078300496e-05
1.986555735686316036e-05
1.978743275690803910e-05
1.994037036715441441e-05
1.993631868136827841e-05
1.994078548182628901e-05
1.995042783486697421e-05
1.980141677694907218e-05
1.975802269828994990e-05
1.983220766789565561e-05
1.987814616951803982e-05
1.990916721064674201e-05
1.975829926450866454e-05
1.975680666079115112e-05
1.972917251905764385e-05
1.981443827340516106e-05
1.964857471688192942e-05
1.970629775213350680e-05
1.969147082533552140e-05
1.964698777201748467e-05
1.968633485423338246e-05
1.968426309021546262e-05
1.967099022678982023e-05
1.956904278653376475e-05
1.966009118653491065e-05
1.955189093608413758e-05
1.952436245956615013e-05
1.952181641971339441e-05
1.954784376484234229e-05
1.952336279251511785e-05
1.947637811496256275e-05
1.943823212147253473e-05
1.946997787542273576e-05
1.952485949918298514e-05
1.949681460592183843e-05
1.956071262835438359e-05
1.941994079120473764e-05
1.932643987998847355e-05
1.935829600364210245e-05
1.944510157268278792e-05
1.936443701596609842e-05
1.932662438267319330e-05
1.939527297855431155e-05
1.936982881442822867e-05
1.922944289399529391e-05
1.931318386714107931e-05
1.926707056218824067e-05
1.935026673851625672e-05
1.920210857731863475e-05
1.925053447654430155e-05
1.931153656456047806e-05
1.931007796832112005e-05
1.923836350309804889e-05
1.925716685020181562e-05
1.908505576849032459e-05
1.927876541889925982e-05
1.919229110627745555e-05
1.916108461900310059e-05
1.919798644058018261e-05
1.920077730136944842e-05
1.914126103495207849e-05
1.907739301784619360e-05
1.918069082406953185e-05
1.917780997945973422e-05
1.900572464824668018e-05
1.902794084402273172e-05
1.899475963118074710e-05
1.896251769909315421e-05
1.893247390907447676e-05
1.887116020512296061e-05
1.899161891337544639e-05
1.907135045666694264e-05
1.899881488183228969e-05
1.889768355227985119e-05
1.889683225517016201e-05
1.883820571785658641e-05
1.879079897393420124e-05
1.875154753440995273e-05
1.886103263739007566e-05
1.884568059577568382e-05
1.884276333619602399e-05
1.878457652597850260e-05
1.893358570142636080e-05
1.888799733445500927e-05
1.867784461188940775e-05
1.872186275912728911e-05
1.871261295384469013e-05
1.881791469723448934e-05
1.865083163401882403e-05
1.872589138540892053e-05
1.861816278575654431e-05
1.860946952839169925e-05
1.869688157578373953e-05
1.865285113287582183e-05
1.860436011746244460e-05
1.861655263810748945e-05
1.860717081412692844e-05
1.868723904369013180e-05
1.859008699456905976e-05
1.847499731391077644e-05
1.861966854698310608e-05
1.864228973594641526e-05
1.854756180151050836e-05
1.860049373464806700e-05
1.841703428627588889e-05
1.837696268845221114e-05
1.843128408023303813e-05
1.849259784911638562e-05
1.842679374966242931e-05
1.840418834932407808e-05
1.844602033871156608e-05
1.844293816169530976e-05
1.847404392901061932e-05
1.829690457425528553e-05
1.840037515255789371e-05
1.834747585935521500e-05
1.828502762279908653e-05
1.832604228129908810e-05
1.835325689854373017e-05
1.831232686039468391e-05
1.829023689636499818e-05
1.830785589531941387e-05
1.830369712375209032e-05
1.808994546603652552e-05
1.824674496060935526e-05
1.823759613328404143e-05
1.832514879383815643e-05
1.821270140023207191e-05
1.815358284867487918e-05
1.814607963272589497e-05
1.809532962055484520e-05
1.816488742163388593e-05
1.817923970089132087e-05
1.812522907096980054e-05
1.813590757800797104e-05
1.808174710527558229e-05
1.804900321068340726e-05
1.816763548642608944e-05
1.804085341197654091e-05
1.818138814873358379e-05
1.806275744374050837e-05
1.791671589761230856e-05
1.804648672745380188e-05
1.804235802284030477e-05
1.806999367406301451e-05
1.802132124915098452e-05
1.794705806228757213e-05
1.798384000729638069e-05
1.788615416265712171e-05
1.804170106424915986e-05
1.797701980618665986e-05
1.795219144087322502e-05
1.782948722095228859e-05
1.791267321459086569e-05
1.785497631310457224e-05
1.780836542046510321e-05
1.777918663677906044e-05
1.783387634000477450e-05
1.778179479873312282e-05
1.785990000449507668e-05
1.780205507072675348e-05
1.780685611217719820e-05
1.783183019407190732e-05
1.769150413341466794e-05
1.778475182004397593e-05
1.767701960506695645e-05
1.770606186514236572e-05
1.765523444874097551e-05
1.779355746384058592e-05
1.759908296727305158e-05
1.759728055659222113e-05
1.760056106375270269e-05
1.755422591793169250e-05
1.757140818517551154e-05
1.770781201786451737e-05
1.762682087642775870e-05
1.762926540477381139e-05
1.765955545058262848e-05
1.760467199880766333e-05
1.754986366976485351e-05
1.745102223530527126e-05
1.764041304461432674e-05
1.746243643794905703e-05
1.750497913617999262e-05
1.754864606534975655e-05
1.759373627962924108e-05
1.738978263428686490e-05
1.739351516790053076e-05
1.740933754237869693e-05
1.745111460560342883e-05
1.735084468125846591e-05
1.747298483414806822e-05
1.744513443754916994e-05
1.746819071962586565e-05
1.750450525748799917e-05
1.756142291634089415e-05
1.743726811683405541e-05
1.749535938708642318e-05
1.725850373522183593e-05
1.730178323095988191e-05
1.730214267014116471e-05
1.745215937882813330e-05
1.732868537945973667e-05
1.731735098553223396e-05
1.733492077149943508e-05
1.734141622988691719e-05
1.722330726645855803e-05
1.715581942214353277e-05
1.724920780610361722e-05
1.715868262292557619e-05
1.713654224199595699e-05
1.717519650495626243e-05
1.724593601932064075e-05
1.714414479541053556e-05
1.713375799169609585e-05
1.712255222361013497e-05
1.709405389969999322e-05
1.714524788639074481e-05
1.718641097437500912e-05
1.708115040867983598e-05
1.713675992468327933e-05
1.694827242138160678e-05
1.691704405469839382e-05
1.706680767719388967e-05
1.705521337448298434e-05
1.705603670892990963e-05
1.701567806530784305e-05
1.694267438579945357e-05
1.706109628840238987e-05
1.697161694415097590e-05
1.698807897100497132e-05
1.698666853565899442e-05
1.687644210844203830e-05
1.696043463058542842e-05
1.694310015911348958e-05
1.699324194911660998e-05
1.678097224840893994e-05
1.687004178150254644e-05
1.686446172894533719e-05
1.679884037003302974e-05
1.674884228354499351e-05
1.684807410350278888e-05
1.684189489389465786e-05
1.679087297993471267e-05
1.685944564417070411e-05
1.669611273998600464e-05
1.674833869758221772e-05
1.675703960183809062e-05
1.676898949541820853e-05
1.671311079929183082e-05
1.675212530470359933e-05
1.675732278126323412e-05
1.670825517426267084e-05
1.664665709865172178e-05
1.678483198733399768e-05
1.663817709437042056e-05
1.674738346757566329e-05
1.657195243604459771e-05
1.667767881610581032e-05
1.672983485949338804e-05
1.670657978709085435e-05
1.656865726073853548e-05
1.657984070631617974e-05
1.665541612651740846e-05
1.670738278782457116e-05
1.655536592227622398e-05
1.666336154625247304e-05
1.655835060731942863e-05
1.653019178108802904e-05
1.646387727504672644e-05
1.652424099024136283e-05
1.653045869652082918e-05
1.643325960876575238e-05
1.651003389755280413e-05
1.662920727111675309e-05
1.646066887258639536e-05
1.642813256341613199e-05
1.645500344966857763e-05
1.644913516610765753e-05
1.643208978595932186e-05
1.650805223215798595e-05
1.634579730916689062e-05
1.635678388287927230e-05
1.634366703249911644e-05
1.645108561899998005e-05
1.639153234914403798e-05
1.640778748821342963e-05
1.627920160125150538e-05
1.634898165460113613e-05
1.621264588466770295e-05
1.629553349855087068e-05
1.630224088065000167e-05
1.621826697679106002e-05
1.620746185136300363e-05
1.622103907809064002e-05
1.626851905390204662e-05
1.622206716382922119e-05
1.618607116915269108e-05
1.626891113681126693e-05
1.617648866399530786e-05
1.620132407451213907e-05
1.616190731065038138e-05
1.615537675220164794e-05
1.618218150865711894e-05
1.609826181109423173e-05
1.605681351215267858e-05
1.611974554243244276e-05
1.608220689201743359e-05
1.609120077367457401e-05
1.617655527688851831e-05
1.606214379722557109e-05
1.597213991778579140e-05
1.604066236991300641e-05
1.593866178961007691e-05
1.609549494104249359e-05
1.600635339771802306e-05
1.604670204239573594e-05
1.599316900329267438e-05
1.604957122082364450e-05
1.605536309030404014e-05
1.603788986310982669e-05
1.599792649373853992e-05
1.585798201271862361e-05
1.594808404882369082e-05
1.579011065784178625e-05
1.595204976462458982e-05
1.584190136887137391e-05
1.582700375011381888e-05
1.590861018467912150e-05
1.596437195812178567e-05
1.578799018176071535e-05
1.589893051618149173e-05
1.589287468497436570e-05
1.584628399526707867e-05
1.587475760342286138e-05
1.578010183734268466e-05
1.585970732554348192e-05
1.588502531973118637e-05
1.580431858066444958e-05
1.588660819226088672e-05
1.574493453630670188e-05
1.578676244667418373e-05
1.578553658163571043e-05
1.578676333830261944e-05
1.569893066050161672e-05
1.581795650999991615e-05
1.561408540440845636e-05
1.560166166562491064e-05
1.567619385445189365e-05
1.572151514420584091e-05
1.565023001193929878e-05
1.565820910243361189e-05
1.566825128073075042e-05
1.567069829814932272e-05
1.561978103404265781e-05
1.564474986197095623e-05
1.566102410210791458e-05
1.569747358133379518e-05
1.566001363455142703e-05
1.555116029664093823e-05
1.547823087782190950e-05
1.566695504128305549e-05
1.561669048992993337e-05
1.556458822796207250e-05
1.564953578694651935e-05
1.553786803712961290e-05
1.557060124867516734e-05
1.554253213849639197e-05
1.556694441506173161e-05
1.542066945548495544e-05
1.542855597234972035e-05
1.547363551165553672e-05
1.545818635138568100e-05
1.544233913788501002e-05
1.542117714831594112e-05
1.537946479062252036e-05
1.546603002799981863e-05
1.533084851943970937e-05
1.543415009637377425e-05
1.540007045308564818e-05
1.528946280451471489e-05
1.537490722103597836e-05
1.534280057808722159e-05
1.538623687643637158e-05
1.532147480120145253e-05
1.531894818547378594e-05
1.539358732352506318e-05
1.530817868616895280e-05
1.521898035451811141e-05
1.525635236997117289e-05
1.523672260936729584e-05
1.518736935984174744e-05
1.521606508051938986e-05
1.531725162606875911e-05
1.513421248409306251e-05
1.522763839881923615e-05
1.535656108374071764e-05
1.527150693170712859e-05
1.513612746787832957e-05
1.520390970592127811e-05
1.519803004031892202e-05
1.529837298171126295e-05
1.519026652876209564e-05
1.509983823599228442e-05
1.518071507806696731e-05
1.519729226474858321e-05
1.515033627905909200e-05
1.506311304127620560e-05
1.525186442443385467e-05
1.505987580715893856e-05
1.518195069649666407e-05
1.513421639187042687e-05
1.505080904101434963e-05
1.508447753871012341e-05
1.514958210752938646e-05
1.506455054772126974e-05
1.511606850590771734e-05
1.520512292410515919e-05
1.502923661149238529e-05
1.503380545674795662e-05
1.494870939077915267e-05
1.494150234100812890e-05
1.495383208850992507e-05
1.479186734296236591e-05
1.496933104279170871e-05
1.495674445733233179e-05
1.499037269411730975e-05
1.491782632019394206e-05
1.492620612858710704e-05
1.491395443067021305e-05
1.485832358045111883e-05
1.492299666277736031e-05
1.490244635819070826e-05
1.481161320870766071e-05
1.488531792732685894e-05
1.494704214639541742e-05
1.486384886182200312e-05
1.486673158663484391e-05
1.500175655517358515e-05
1.476551622129127578e-05
1.482774247710202444e-05
1.482707661041396486e-05
1.480587644763630872e-05
1.476311199943075030e-05
1.484339091775200435e-05
1.485827376837486823e-05
1.480305191363711292e-05
1.482977277224625344e-05
1.473619031822688568e-05
1.482215960562643597e-05
1.481621837559073430e-05
1.482121668668101305e-05
1.479631949512658166e-05
1.475042285266415995e-05
1.472025927943216944e-05
1.469248920501650026e-05
1.468710043676848573e-05
1.468978333341880352e-05
1.478362922469748285e-05
1.472047582616087538e-05
1.467704494866240881e-05
1.467672783532332336e-05
1.470731869234018392e-05
1.475645734683846282e-05
1.467049466676265523e-05
1.464517277645470286e-05
1.460942927320588156e-05
1.469933460471821509e-05
1.456740649821990090e-05
1.460459046179008260e-05
1.454635634877225330e-05
1.444731484698857766e-05
1.461542620289789965e-05
1.459026262528305315e-05
1.456046854620142339e-05
1.445212835988175467e-05
1.451479486299403353e-05
1.453621696359495220e-05
1.450947126445369764e-05
1.452654853301180461e-05
1.448362272082982712e-05
1.448392772000669168e-05
1.447721950583259187e-05
1.435070116745493312e-05
1.444815696640183578e-05
1.446984995303291928e-05
1.440634543385120669e-05
1.447257530400589739e-05
1.437931986493431945e-05
1.449927166722219375e-05
1.466027356448120819e-05
1.436447535710720614e-05
1.441200091512387631e-05
1.441631517515320712e-05
1.435536040890449669e-05
1.437887520277541221e-05
1.435194609072907501e-05
1.434071284504811283e-05
1.446086697593503042e-05
1.440105064702167671e-05
1.431232939432521731e-05
1.435416541865467881e-05
1.435984482513675390e-05
1.424045196417621768e-05
1.429288678965448989e-05
1.424975551582633656e-05
1.437089718512253367e-05
1.434161012403186700e-05
1.421291270592875780e-05
1.425652432333484148e-05
1.434707016715476745e-05
1.419670100443522903e-05
1.404457059652913706e-05
1.414657310687097758e-05
1.426502914251923527e-05
1.418019542140398008e-05
1.425438646788824236e-05
1.423241112067040370e-05
1.426847897753407558e-05
1.418582689067358571e-05
1.426153934602337129e-05
1.419554879367519383e-05
1.431271633348607668e-05
1.416229306467188618e-05
1.408743560657592035e-05
1.407233420380992402e-05
1.412637266068100549e-05
1.414370506595369541e-05
1.409257980110444284e-05
1.409379656122443681e-05
1.402847382628138450e-05
1.423792918590268214e-05
1.408420775075317252e-05
1.403115491468165670e-05
1.404571159680563524e-05
1.404669624311566038e-05
1.407646847930451548e-05
1.397647343192213915e-05
1.392011863371387267e-05
1.401100264649646448e-05
1.404857654724303090e-05
1.405696380466898391e-05
1.406190279580644828e-05
1.392926151218834701e-05
1.395566746556721994e-05
1.395871263044103072e-05
1.394072771354693875e-05
1.398261408330349542e-05
1.399505141373092579e-05
1.390255032173039078e-05
1.381005295448362230e-05
1.393839261823715773e-05
1.398064996046969374e-05
1.392929768188044770e-05
1.390943439259798959e-05
1.389483193634393958e-05
1.394176472965846259e-05
1.381535417099890033e-05
1.393313823693120669e-05
1.384875625910532358e-05
1.386014734376051189e-05
1.376913598908430690e-05
1.372640668206594139e-05
1.383927386171638293e-05
1.379116225407261853e-05
1.382791987337864721e-05
1.377948804992843801e-05
1.376532135061741745e-05
1.376705133314958966e-05
1.375209797824791732e-05
1.388221300476272352e-05
1.376008435304238730e-05
1.373590294363693346e-05
1.365660388506140845e-05
1.378384540367048133e-05
1.374252830873001526e-05
1.374762679013944140e-05
1.371725848216146216e-05
1.377653911859201162e-05
1.365026757421112793e-05
1.380485181048578108e-05
1.372861620946909275e-05
1.370319011053001081e-05
1.358545181337445484e-05
1.366049907186177008e-05
1.368835529336205960e-05
1.357585210079221827e-05
1.356760855943917361e-05
1.360552105327492110e-05
1.354855862757345584e-05
1.373871778240029229e-05
1.354832217981464965e-05
1.362653284232684229e-05
1.357538520060852135e-05
1.360406139278452322e-05
1.361395546627962382e-05
1.362779803931644682e-05
1.354656593623350001e-05
1.358233630638730809e-05
1.354492802173708088e-05
1.356134904201261814e-05
1.360642758658745100e-05
1.356659281640041199e-05
1.351915054647764024e-05
1.347094471225359705e-05
1.346641247725750880e-05
1.353386939583310198e-05
1.350919234120100286e-05
1.348798899985415976e-05
1.349697136659591246e-05
1.342444241660289378e-05
1.354212349642134808e-05
1.345126653037395890e-05
1.340881777714643152e-05
1.348590339414520363e-05
1.344792890591303350e-05
1.348062298976787307e-05
1.353629408060438005e-05
1.334490695723700369e-05
1.340408246048126594e-05
1.342643832154905977e-05
1.344547884631710455e-05
1.336835082651764885e-05
1.333028346687186376e-05
1.341698385003552213e-05
1.333486704785202833e-05
1.340559051421671944e-05
1.336569483123664172e-05
1.344630779334338389e-05
1.331274885139697798e-05
1.335567530970289588e-05
1.336099996925890902e-05
1.338602014745958458e-05
1.330803689488730227e-05
1.321155875160847442e-05
1.332096390398098025e-05
1.328134090074761831e-05
1.334025237046354789e-05
1.323562594027080452e-05
1.329559137212502191e-05
1.316974202206215407e-05
1.329843823936843300e-05
1.321272799429989312e-05
1.327568121266398303e-05
1.327902393607004608e-05
1.321745891686909108e-05
1.320514884819752571e-05
1.320780751267950013e-05
1.320119916327449157e-05
1.310939880167120373e-05
1.326073499378376142e-05
1.323340114910795355e-05
1.311602656532185133e-05
1.328911129439664610e-05
1.308849582541707449e-05
1.322177323564484257e-05
1.315944159797059025e-05
1.312778385375304585e-05
1.307552673003709727e-05
1.316365162111737802e-05
1.311082398194522055e-05
1.303944069876229161e-05
1.306291506336366091e-05
1.311714598291498563e-05
1.309941130636820568e-05
1.304851329797702195e-05
1.305400875320796582e-05
1.309694576928688776e-05
1.295464385572130020e-05
1.307285816515467710e-05
1.303831619192992119e-05
1.297330005497899934e-05
1.301407985790759044e-05
1.301777601522225640e-05
1.301055401746262224e-05
1.293635265446866240e-05
1.301181420239988948e-05
1.299832133551831356e-05
1.300510046328391686e-05
1.290673929687509161e-05
1.290844557790279354e-05
1.294232544526069009e-05
1.305211092112346867e-05
1.286746619270213718e-05
1.289437588436908691e-05
1.291655373378408730e-05
1.279707594290657007e-05
1.292267944841200016e-05
1.300053930560760896e-05
1.285021088485333943e-05
1.296051485766109211e-05
1.290999679619713578e-05
1.293823929629460938e-05
1.290127939216654641e-05
1.279007947868253919e-05
1.283335306998809923e-05
1.275525829110794766e-05
1.279185091897825732e-05
1.286446634320783374e-05
1.288496566145655683e-05
1.278067617765064472e-05
1.275725229188963158e-05
1.279720497953366338e-05
1.279000635942952303e-05
1.283226579462212130e-05
1.282358524857351689e-05
1.268719193665563465e-05
1.271146993707034765e-05
1.281961212997994629e-05
1.273873634896751559e-05
1.269920308397004390e-05
1.267863887455032855e-05
1.273941940982531836e-05
1.271583638343635138e-05
1.267715835181178171e-05
1.271483477680122938e-05
1.275541917610715389e-05
1.280781946006978564e-05
1.269578532825057838e-05
1.265529387849035480e-05
1.265486018647599943e-05
1.261104196307315136e-05
1.265598428659722133e-05
1.264596511992383419e-05
1.267234812919626535e-05
1.264343747466716987e-05
1.269990135496014550e-05
1.265136040919941736e-05
1.261602223144971421e-05
1.259852296046044543e-05
1.260066311837715386e-05
1.263375774311621269e-05
1.263738611462763081e-05
1.266331490365160541e-05
1.254438082381282649e-05
1.259246369824383829e-05
1.258229855706435286e-05
1.263362523293132849e-05
1.264539615959246251e-05
1.255167575801665265e-05
1.265910016948146765e-05
1.245195228338335883e-05
1.252260161130913334e-05
1.252174610063722103e-05
1.255403307182969736e-05
1.252599200666929327e-05
1.252208735131089021e-05
1.258614817543797493e-05
1.237285377868417094e-05
1.260664115999293230e-05
1.246764787317848020e-05
1.245023525392416261e-05
1.259397188227615424e-05
1.251442944358575649e-05
1.247769473069034215e-05
1.240464724271288649e-05
1.230040189893079085e-05
1.250623833511351813e-05
1.246498788714229463e-05
1.253465035754887380e-05
1.239517273126456460e-05
1.242692892767739849e-05
1.241731788750795283e-05
1.249193920422980947e-05
1.255819609915938601e-05
1.252677835786925678e-05
1.241045012828567663e-05
1.240212002612264257e-05
1.243743222346049986e-05
1.229462579527288402e-05
1.241532407217041416e-05
1.226688669137966508e-05
1.234041824976372648e-05
1.231638324396708444e-05
1.234824220537948547e-05
1.236698084805268578e-05
1.235463356123909827e-05
1.234998745762826895e-05
1.232596957615225670e-05
1.235742664373245885e-05
1.240628235001213104e-05
1.230619882728611597e-05
1.227569038898690045e-05
1.226924715013546463e-05
1.228182422908475538e-05
1.233941934528761528e-05
1.227391421529275738e-05
1.220598938060031736e-05
1.226940095726867100e-05
1.228103558820264221e-05
1.224741121451746435e-05
1.225184422456456066e-05
1.221871350011886991e-05
1.227057418025586645e-05
1.209530147386483228e-05
1.221153319070353901e-05
1.220688484484896550e-05
1.216807712069270823e-05
1.223077308682010900e-05
1.229229267499822021e-05
1.226722663171846921e-05
1.225567393048889928e-05
1.215246009216784697e-05
1.221670882253555298e-05
1.220257559134450771e-05
1.215917575911762941e-05
1.219605756748350327e-05
1.216268070326592644e-05
1.214068950112451427e-05
1.220878079106891734e-05
1.219065931727447566e-05
1.213864409570093977e-05
1.212427161336917545e-05
1.218546971736016921e-05
1.214649784036642845e-05
1.209636799170257271e-05
1.205181866644415370e-05
1.215708254252810770e-05
1.210667358250232839e-05
1.206871762734746631e-05
1.207423116650248295e-05
1.206538682742983481e-05
1.205456427644782819e-05
1.209511003746784290e-05
1.204065029580181111e-05
1.208095838127964342e-05
1.197425460928443351e-05
1.206872244894907699e-05
1.204598218984905400e-05
1.200445580206424785e-05
1.198386907040800346e-05
1.202647168355535107e-05
1.195560021447340213e-05
1.195625109796138509e-05
1.199763440444218930e-05
1.194773881127974051e-05
1.193394470747302371e-05
1.192648429677048475e-05
1.193482587197136213e-05
1.199250772843799908e-05
1.194646907272169190e-05
1.196387684779872444e-05
1.193638023938176513e-05
1.188814410190633324e-05
1.183625605911895268e-05
1.191948379332674206e-05
1.187146168643080424e-05
1.185196033390787382e-05
1.179968906318745316e-05
1.193713052983064002e-05
1.182838152709964127e-05
1.187217413072663016e-05
1.185938961120078240e-05
1.186018642533789813e-05
1.190504756024294693e-05
1.187920981979554336e-05
1.188785054194637740e-05
1.188370707039036599e-05
1.175398401557801588e-05
1.194330632109220040e-05
1.188634241171026574e-05
1.178963686884036603e-05
1.187211027422335752e-05
1.168678796403312791e-05
1.180455139977911193e-05
1.172664658834098550e-05
1.178271630205444465e-05
1.192718641267293906e-05
1.182761749780723288e-05
1.174475546361844723e-05
1.186317624601717507e-05
1.181414055501651454e-05
1.170794173872970592e-05
1.172803394803697817e-05
1.182680433159242557e-05
1.176061089255784385e-05
1.178105869834733481e-05
1.172536952724844800e-05
1.179547499572534058e-05
1.174582710092173183e-05
1.168295200785713367e-05
1.168221922392299200e-05
1.172346739362829119e-05
1.168266101249901548e-05
1.174177397211856766e-05
1.173156750668929944e-05
1.173274414978346257e-05
1.163107435484406182e-05
1.169159280875754409e-05
1.168325907041173127e-05
1.169059344845843317e-05
1.170300994511227208e-05
1.157339825314043248e-05
1.160909475662633468e-05
1.170174482874462720e-05
1.160250217264373755e-05
1.170660495922800407e-05
1.164000257163071053e-05
1.169159989646509949e-05
1.177795292117763926e-05
1.165283463906497720e-05
1.177168150381088647e-05
1.156763571167410403e-05
1.165575167546927870e-05
1.161164074278590905e-05
1.155859175949000859e-05
1.157210309011404167e-05
1.162878563386057047e-05
1.153973009858643346e-05
1.153157246161147880e-05
1.156674627068372506e-05
1.155286523816594759e-05
1.157851264863227316e-05
1.152420428012856096e-05
1.150371928276040089e-05
1.154392446850756920e-05
1.155944108793462408e-05
1.155247143729744787e-05
1.160638936331215622e-05
1.160535081873682293e-05
1.141010758751366865e-05
1.155962648634058854e-05
1.144730639044671772e-05
1.148372191332351664e-05
1.149459510289272555e-05
1.136593311251039806e-05
1.154316711698723004e-05
1.143330111546339669e-05
1.156787781632117268e-05
1.145854987990919230e-05
1.142885554884920820e-05
1.146291896846326282e-05
1.147010695436464272e-05
1.146015812502372584e-05
1.142255616420377530e-05
1.135220010149450606e-05
1.148003497660583864e-05
1.146397731629559177e-05
1.142795813397372722e-05
1.134887677846525585e-05
1.137699336707983778e-05
1.136099421809028454e-05
1.136570098319286702e-05
1.148573786906301251e-05
1.146050224105940389e-05
1.138514664444053830e-05
1.134939178753711469e-05
